Participante,Texto,Sentimiento,Palabras,Dia,Mes,Anio
PRESIDENTE ANDRES MANUEL LOPEZ OBRADOR, Buenos días.,0.32823650481604266,2,07,10,2020
PRESIDENTE ANDRES MANUEL LOPEZ OBRADOR,"Vamos a informar. Lo primero es lo que está sucediendo en la península de Yucatán, en Quintana Roo y en Yucatán, con el huracán Delta. Vamos a transmitir información que se tiene. Está el almirante Ojeda, secretario de Marina, allá; también la directora de Protección Civil, Laura Velázquez; están los dos a cargo del operativo, en coordinación con el gobierno del estado, con los gobiernos municipales.",0.32823650481604266,66,07,10,2020
PRESIDENTE ANDRES MANUEL LOPEZ OBRADOR,"Vamos a informarles. Está el contralmirante Juan Carlos Vera, que va a informar; también el director del Centro Nacional de Comunicación y Operación de Protección Civil, Luis Alberto Ortega Vázquez. Los dos van a informar sobre los efectos de este huracán y las recomendaciones que se están haciendo.",0.32823650481604266,48,07,10,2020
PRESIDENTE ANDRES MANUEL LOPEZ OBRADOR,"Hay un despliegue de elementos, tanto del Ejército como de Marina, de la Comisión Federal de Electricidad, de Conagua; desde luego, de Protección Civil. Está el gobierno federal completo allá ayudando en todo lo que haga falta.",0.32823650481604266,37,07,10,2020
PRESIDENTE ANDRES MANUEL LOPEZ OBRADOR,"Vamos a informar sobre esto y luego aquí se acordó un día, a una pregunta de ustedes, dar un informe sobre las búsquedas de desaparecidos, quedamos que iba a estar Alejandro Encinas y ahora se va a informar sobre este tema. Terminando, pues ya abrimos para preguntas y para respuestas.",0.32823650481604266,50,07,10,2020
PRESIDENTE ANDRES MANUEL LOPEZ OBRADOR,"Entonces, a ver, el contralmirante Juan Carlos, ¿qué nos puedes decir?",0.32823650481604266,11,07,10,2020
PRESIDENTE ANDRES MANUEL LOPEZ OBRADOR," A ver, por parte de Protección Civil, Luis Alberto.",0.32823650481604266,9,07,10,2020
PRESIDENTE ANDRES MANUEL LOPEZ OBRADOR," Nada más como complemente, ayer nos reunimos con el gobernador de Tabasco, el gobernador de Chiapas, porque también hubo afectaciones, sobre todo en la zona baja de Tabasco con el anterior huracán y hay personas que están en albergues, sobre todo integrantes, miembros de las comunidades indígenas de Nacajuca y de Jalpa, de Cunduacán.",0.32823650481604266,54,07,10,2020
PRESIDENTE ANDRES MANUEL LOPEZ OBRADOR,"Ayer mismo ya dimos la instrucción para que se trasladara el secretario de Bienestar. El secretario de Bienestar, May, está ya en Tabasco o está por llegar a Tabasco, a la zona baja, Javier May, y son comunidades muy pobres, ellos fueron afectados por las lluvias y por la apertura también debido a que estaba lleno el vaso de la presa Peñitas, se abrió y aumentó el nivel de las aguas en esa parte baja; esa zona de Tabasco está abajo del nivel del mar, entonces es una zona inundable. Son comunidades chontales: Tucta, Mazateupa, Tapotzingo, Guaytalpa, Tecoluta, Olcuatitán, Guatacalca, Oxiacaque. Entonces, paisanos, ahí va el apoyo para que no la pasen tan mal, informarles sobre esto.",0.32823650481604266,117,07,10,2020
PRESIDENTE ANDRES MANUEL LOPEZ OBRADOR,"Hay en reserva en Minatitlán, como 400 elementos de la Secretaría de la Defensa para que, pasando este huracán Delta, si se requiere, continúen hacia la península; también, dependiendo de los daños tiene ya el general secretario instrucciones, como llevan cocina, llevan alimentos, de no ser tan indispensables estos apoyos en la península, si ya tienen cubierto todo lo que son albergues, alimentos en la península, que se queden por la zona de Nacajuca, de Jalpa, de Cunduacán, también afectada y con muchos damnificados para apoyarlos, esa es la instrucción que hay.",0.32823650481604266,92,07,10,2020
PRESIDENTE ANDRES MANUEL LOPEZ OBRADOR,"Vamos ahora a que nos informe Alejandro Encinas y Karla Quintana Osuna. Alejandro, como ustedes saben, es subsecretario de Gobernación, es subsecretario de Derechos Humanos y ha hecho un trabajo de primera; lo mismo Karla, que es la titular de la Comisión Nacional de Búsqueda de Personas, que también depende de la Secretaría de Gobernación. Nos van a informar de qué se ha hecho y cuál es la situación que prevalece con relación a personas desaparecidas.",0.32823650481604266,76,07,10,2020
PRESIDENTE ANDRES MANUEL LOPEZ OBRADOR," Bueno, pues este es el informe de hoy. Abrimos para preguntas. Mujeres, dos, tres.",0.32823650481604266,14,07,10,2020
PRESIDENTE ANDRES MANUEL LOPEZ OBRADOR," Bueno, sobre los programas para Querétaro se está atendiendo a toda la gente de Querétaro con los programas sociales, están llegando los apoyos, la pensión a adultos mayores, la pensión a niñas, niños con discapacidad, las becas, ahora con la pandemia se destinaron créditos para pequeños empresarios, créditos a la palabra en Querétaro y así otros programas.",0.32823650481604266,57,07,10,2020
PRESIDENTE ANDRES MANUEL LOPEZ OBRADOR,"No tengo la información de que se esté aplicando el programa de Crédito Ganadero a la Palabra, pero sí hay otras modalidades de créditos a la palabra que se están entregando.",0.32823650481604266,31,07,10,2020
PRESIDENTE ANDRES MANUEL LOPEZ OBRADOR,"Y también lo de Sembrando Vida todavía -considero- no está aplicándose porque no está en todo el país, falta todavía que se extienda. Ya hay más de 400 mil sembradores y ya se está trabajando en un millón de hectáreas, pero falta todavía seguir desplegando este programa.",0.32823650481604266,47,07,10,2020
PRESIDENTE ANDRES MANUEL LOPEZ OBRADOR,"Vamos a seguir apoyando a Querétaro, sobre todo a la región más pobre, la sierra, la Sierra Gorda, que son las comunidades más marginadas en el caso de Querétaro, porque en efecto, son como dos Querétaros, como así suele pasar: una zona urbana moderna de crecimiento poblacional, de crecimiento en la infraestructura urbana, construcción de muchas unidades habitacionales, de muchas viviendas; y el Querétaro de la sierra, el Querétaro marginado.",0.32823650481604266,70,07,10,2020
PRESIDENTE ANDRES MANUEL LOPEZ OBRADOR,"Esto sucede en todo el país desgraciadamente, estos contrastes, pero por eso los programas de Bienestar, esos sí llegan primero a los más pobres, a los que viven en más de 200 mil comunidades del país, que son las comunidades, las localidades más marginadas.",0.32823650481604266,44,07,10,2020
PRESIDENTE ANDRES MANUEL LOPEZ OBRADOR,"Acerca de la renuncia de servidores públicos, se acordó que van a estar hasta finales de este mes los que aspiran a ser candidatos para las elecciones del año próximo, no pueden estar ya para noviembre, a finales de este mes tiene que presentar sus renuncias para participar en los partidos y buscar que salgan candidatos, porque también no es que salen de un cargo, renuncian a un cargo y ya van a ser candidatos, hay un proceso en todos los partidos; pero los que deseen participar, para no mezclar lo que es gobierno con lo que es la actividad partidista, se definió que hasta finales de octubre.",0.32823650481604266,108,07,10,2020
PRESIDENTE ANDRES MANUEL LOPEZ OBRADOR,"Yo creo que en estos días me van a empezar a presentar ya solicitudes porque sí hay algunos que aspiran y tienen derecho a hacerlo, tienen derecho a hacerlo porque, de acuerdo a la Constitución, tenemos el derecho los ciudadanos a votar y a ser votados, es decir, podemos participar; nada más que no mezclar lo partidista, repito, con lo que tiene que ver con las labores de gobierno, por eso estamos tomando esa decisión de que a tiempo se retiren para que no se utilicen nada que tenga que ver con el gobierno.",0.32823650481604266,94,07,10,2020
PRESIDENTE ANDRES MANUEL LOPEZ OBRADOR," Esto, por lo que tiene que ver con el Ejecutivo, que es lo que a nosotros nos corresponde, ya lo que es Poder Judicial y el Poder Legislativo pues eso es otro asunto. La instrucción es para el Poder Ejecutivo, que es lo que yo puedo decidir; los otros dos poderes, pues son autónomos, son independientes.",0.32823650481604266,56,07,10,2020
PRESIDENTE ANDRES MANUEL LOPEZ OBRADOR," Sí, lo vemos ahora para que nos ayuden en relaciones exteriores.",0.32823650481604266,11,07,10,2020
PRESIDENTE ANDRES MANUEL LOPEZ OBRADOR," Al Ejecutivo no, es posible que hayan hecho la gestión en la fiscalía.",0.32823650481604266,13,07,10,2020
PRESIDENTE ANDRES MANUEL LOPEZ OBRADOR," No, no, hasta donde sé no existe una solicitud, en el caso de la Secretaría de Relaciones Exteriores, del Departamento de Estado a la Secretaría de Relaciones Exteriores, o del Departamento de Justicia.",0.32823650481604266,33,07,10,2020
PRESIDENTE ANDRES MANUEL LOPEZ OBRADOR,Lo que sé es que hay una colaboración estrecha del Departamento de Justicia y otras agencias con la fiscalía en todo lo relacionado con el caso de García Luna y de estos policías que se desempeñaron en ese tiempo.,0.32823650481604266,39,07,10,2020
PRESIDENTE ANDRES MANUEL LOPEZ OBRADOR,"También, como se sabe, hay orden de detención para quienes participaron en la desaparecieron de los jóvenes de Ayotzinapa que están en el extranjero, eso es lo que tenemos.",0.32823650481604266,29,07,10,2020
PRESIDENTE ANDRES MANUEL LOPEZ OBRADOR," Pues siguen ellos demandando que se cumpla con el tratado, con el convenio, estamos explicando las circunstancias en que se está buscando cumplir, lo difícil que ha sido cumplir, ya deberíamos de haberlo hecho.",0.32823650481604266,34,07,10,2020
PRESIDENTE ANDRES MANUEL LOPEZ OBRADOR,"Hoy nos estaban informando que incluso ya se ha evaporado una cantidad de agua importantísima de la presa de La Boquilla, que nos hubiese servido para cumplir con el compromiso; sin embargo, por asuntos politiqueros, porque no lo puedo llamar de otra manera, porque ni siquiera se puede hablar de asuntos electorales y mucho menos de asuntos políticos, por querer agarrar la bandera de la defensa del agua…",0.32823650481604266,68,07,10,2020
PRESIDENTE ANDRES MANUEL LOPEZ OBRADOR,"Ya todos los agricultores de Chihuahua tienen asegurada su agua, incluso hoy también se informaba que están pidiendo una prórroga para que se les entregue el agua, que no sea en este mes de octubre, sino en noviembre, o sea, no había problema de que se escaseara el agua, fue que encontraron una circunstancia que ellos pensaron favorable para politizar el asunto, para promover la candidatura de Gustavo Madero al gobierno de Chihuahua por el PAN, eso es todo.",0.32823650481604266,79,07,10,2020
PRESIDENTE ANDRES MANUEL LOPEZ OBRADOR,"Además, agréguenle los intereses de acaparamiento del agua de un grupo de productores que siempre se han servido con la cuchara grande; porque esto no tiene que ver con la mayoría de los productores, la mayoría de los productores de México no tiene acceso al agua, son temporalelos, y los que tienen acceso a los sistemas de agua y a los distritos de agua la mayoría son pequeños, los grandes son los que acaparan el agua y son los que no quieren quedarse sin agua en demasía.",0.32823650481604266,87,07,10,2020
PRESIDENTE ANDRES MANUEL LOPEZ OBRADOR,"Entonces, el gobierno de Estados Unidos está reclamando que se cumpla con el acuerdo. Repito, todos los estados del norte han contribuido con su cuota, sólo falta Chihuahua, que no han cumplido.",0.32823650481604266,32,07,10,2020
PRESIDENTE ANDRES MANUEL LOPEZ OBRADOR,"Le he pedido al secretario de Relaciones Exteriores, pues que establezca comunicación con el Departamento de Estado. En efecto, vinieron ayer, un representante del señor Pompeo, del Departamento de Estado, a hablar del tema con Marcelo Ebrard, porque ya se están acercando los días y no queremos que se vaya a utilizar este asunto en contra del país, sobre todo porque estamos en vísperas de las elecciones en Estados Unidos, ya se acerca el plazo que tenemos de cumplir y una semana después, 10 días después, pues son las elecciones en Estados Unidos.",0.32823650481604266,93,07,10,2020
PRESIDENTE ANDRES MANUEL LOPEZ OBRADOR,"Entonces, estamos buscando la forma de resolver el problema, no estamos descartando la posibilidad de cumplir, estamos viendo otras opciones, otras alternativas; y si no se pudiera, pues aquí vamos a informar y vamos a buscar un acuerdo con el gobierno de Estados Unidos.",0.32823650481604266,44,07,10,2020
PRESIDENTE ANDRES MANUEL LOPEZ OBRADOR," Yo creo que sí porque se informó que hay hasta una orden de aprehensión, o deben de estar siendo localizados en el caso de que exista en realidad esta orden de aprehensión para uno de los dos, yo tengo entendido que es para uno de los dos, aunque los señalamientos van en contra de las dos personas.",0.32823650481604266,57,07,10,2020
PRESIDENTE ANDRES MANUEL LOPEZ OBRADOR,"A ver, pero vamos con mujeres, quedamos.",0.32823650481604266,7,07,10,2020
PRESIDENTE ANDRES MANUEL LOPEZ OBRADOR," Sí ha habido diálogo, pero es un asunto de intereses; o sea, cuando hay tanto encono, o es una gran injusticia la que se está cometiendo o se están afectando intereses creados, no hay más que eso.",0.32823650481604266,37,07,10,2020
PRESIDENTE ANDRES MANUEL LOPEZ OBRADOR,"Entonces, como yo sostengo que no hay ninguna injusticia, porque el que está recibiendo su apoyo lo va a seguir recibiendo, si realmente lo justifica, si realmente lo merece -abro un paréntesis nada más para recordar que nosotros somos simplemente administradores de los dineros del pueblo, el presupuesto es dinero del pueblo y es dinero sagrado, y lo tenemos que cuidar- entonces no hay ninguna injusticia.",0.32823650481604266,66,07,10,2020
PRESIDENTE ANDRES MANUEL LOPEZ OBRADOR,"Luego entonces, me llama la atención que estén defendiendo con tanta pasión el que se mantengan los fideicomisos que se manejaban sin transparencia, de manera discrecional, no se sabe cómo se ejercía el presupuesto y donde, se sabe, hay antecedentes de corrupción.",0.32823650481604266,42,07,10,2020
PRESIDENTE ANDRES MANUEL LOPEZ OBRADOR,"Por ejemplo, nuestros adversarios, los conservadores ayer -porque se articulan para hacer cuestionamientos- decían: ‘¡Qué contradicción!, está el huracán Delta, que va a causar daños, y al mismo tiempo se está desapareciendo el Fonden, ¿por qué desaparecer el Fonden?’",0.32823650481604266,39,07,10,2020
PRESIDENTE ANDRES MANUEL LOPEZ OBRADOR,¿Por qué vamos a desaparecer el Fonden?,0.32823650481604266,7,07,10,2020
PRESIDENTE ANDRES MANUEL LOPEZ OBRADOR,"Porque hay elementos suficientes para sostener que era una especie de caja chica, bueno, ni tan chica, para funcionarios que compraban de todo aprovechando que había una emergencia sin licitar. Miles de millones de pesos en catres, en láminas de zinc, en todo, a precios elevadísimos. Hay gente que vivía de venderle a Gobernación, de venderle al Fonden, que hacía jugosos negocios; bueno, eso no tiene nada que ver con el hecho de que nosotros tenemos que apoyar a damnificados.",0.32823650481604266,80,07,10,2020
PRESIDENTE ANDRES MANUEL LOPEZ OBRADOR,¿Cómo lo vamos a hacer?,0.32823650481604266,5,07,10,2020
PRESIDENTE ANDRES MANUEL LOPEZ OBRADOR,"Pues para eso está la Secretaría de Hacienda, para eso está la Secretaría de Bienestar, para eso está la Dirección de Protección Civil, para eso está la Secretaría de Marina con su Plan Marina, la Secretaría de la Defensa con el Plan DN-III. No quiere decir que se va a dejar de atender a la gente, lo que no queremos es la corrupción.",0.32823650481604266,63,07,10,2020
PRESIDENTE ANDRES MANUEL LOPEZ OBRADOR,"Entonces, cuando defienden así, de manera tan apasionada, pues lo que hay detrás son intereses creados, son representantes de grupos de intereses creados los legisladores, no todos desde luego. No son representantes del pueblo, ofrezco disculpas, son representantes de grupos de intereses creados.",0.32823650481604266,43,07,10,2020
PRESIDENTE ANDRES MANUEL LOPEZ OBRADOR,"Entonces, ya no es así, los legisladores tienen que representar al pueblo, todos tenemos que representar al pueblo. El gobierno es del pueblo, no es de los farmacéuticos, no es de los intelectuales orgánicos, no es de científicos que sólo buscan provecho personal, el gobierno es de todos, es de todo el pueblo.",0.32823650481604266,53,07,10,2020
PRESIDENTE ANDRES MANUEL LOPEZ OBRADOR,"Desde luego que tampoco el gobierno es para los medios de información, o sea, que va a estar el gobierno al servicio de los medios de información, como era antes. Entonces, ya se terminó eso.",0.32823650481604266,35,07,10,2020
PRESIDENTE ANDRES MANUEL LOPEZ OBRADOR,"Ojalá y aprueben el que se terminen estos fideicomisos, estos fondos fraudulentos, de manejo totalmente opaco, oscuro de los fondos. Qué se tiene que preocupar un cineasta joven que quiere desarrollarse y quiere tener apoyo si va a ser atendido y va a seguir teniendo su apoyo, un deportista de alto rendimiento todo el apoyo que se requiere, mucho más los afectados. Quien pierde sus muebles por una inundación, quien pierde sus cosechas, quien requiere de apoyo, pues tenemos que ayudarlo, ahí no hay límite, esa es la función del gobierno. Entonces, sí es interesante lo que está sucediendo.",0.32823650481604266,99,07,10,2020
PRESIDENTE ANDRES MANUEL LOPEZ OBRADOR,"Y pues también pedirles a los legisladores, como a todos, que resuelvan sus diferencias de manera pacífica. ¿Qué es eso de estar agrediendo, de estarse pateando?",0.32823650481604266,26,07,10,2020
PRESIDENTE ANDRES MANUEL LOPEZ OBRADOR,"El conservadurismo es muy autoritario, el conservadurismo, aparte de que tiene como doctrina la hipocresía, que además pueden estar pegando una patada, dice: ‘Tú fuiste primero’, esa es su característica, ‘tú fuiste quien me agrediste’, siempre es así, o sea, es el doble discurso. Ya lo he dicho muchas veces, la doctrina del conservadurismo es la hipocresía, son muy corruptos, también por eso el coraje.",0.32823650481604266,65,07,10,2020
PRESIDENTE ANDRES MANUEL LOPEZ OBRADOR,"‘¡Cómo! si antes no pagábamos impuestos, si antes el gobierno sólo nos atendía a nosotros, no sólo eso, nosotros teníamos secuestrado al gobierno, tomado al gobierno, el gobierno era nuestro, nosotros éramos los dueños del gobierno, cómo le van a estar dando ahora apoyo a la gente pobre repartiendo dinero a los pobres, dándole becas a los estudiantes pobres, si eso ni siquiera es educación.’",0.32823650481604266,65,07,10,2020
PRESIDENTE ANDRES MANUEL LOPEZ OBRADOR,"Entonces, muy reaccionarios y también muy agresivos, muy autoritarios.",0.32823650481604266,9,07,10,2020
PRESIDENTE ANDRES MANUEL LOPEZ OBRADOR,"Este escritor de best seller que escribe para conservadores, para lectores conservadores, yo recuerdo que antes -que son buenas personas pues- en comparación con intelectuales serios, grandes escritores, vendía más en un tiempo, Pazos, Luis Pazos, que Fuentes, que Carlos Fuentes, porque escribía sobre lo que este sector conservador del país quería escuchar o leer, o reafirmar sus convicciones conservadoras, entonces vendía miles de ejemplares.",0.32823650481604266,65,07,10,2020
PRESIDENTE ANDRES MANUEL LOPEZ OBRADOR,"Yo hasta una vez le dije: Oye, eres un fenómeno, Luis. Me acuerdo que le dije: ¿Dónde estudiaste economía?, porque escribía sobre eso. ‘No, -dice- soy abogado’.",0.32823650481604266,27,07,10,2020
PRESIDENTE ANDRES MANUEL LOPEZ OBRADOR,"Porque todo mundo pensaba que como el tema era lo relacionado con lo económico y era desde luego el cuestionamiento a las políticas públicas, a Pemex, a la Comisión Federal de Electricidad, todo lo que después se convirtió; ellos triunfaron porque esa concepción privatizadora fue la que se impuso durante el periodo neoliberal, la de Luis Pazos, que es una muy buena persona, o sea, no es asunto de diferencias con él, es nada más apuntar lo que ha significado ese pensamiento.",0.32823650481604266,82,07,10,2020
PRESIDENTE ANDRES MANUEL LOPEZ OBRADOR,"Luego, Loret de Mola papá, escribía y también 100, 200 mil ejemplares; otro es este señor el que nos quiere quemar uno a uno en el Zócalo, se llama Martín Moreno, muy leído por este sector.",0.32823650481604266,36,07,10,2020
PRESIDENTE ANDRES MANUEL LOPEZ OBRADOR,"Entonces, esa es una característica del conservadurismo el que son muy, muy autoritarios.",0.32823650481604266,13,07,10,2020
PRESIDENTE ANDRES MANUEL LOPEZ OBRADOR,"Yo aquí quiero aprovechar también para llamar a todos y en particular quienes encabezan estos movimientos a que no hagan apología de la violencia, porque he escuchado una o dos veces a los dirigentes de Frenaaa y es un discurso no sólo incendiario, sino muy destructivo, incluso no sólo por lo que deseen al prójimo, sino por lo que ellos podrían hacerse de daño con tal de trascender o de afectar en este caso nuestro movimiento.",0.32823650481604266,76,07,10,2020
PRESIDENTE ANDRES MANUEL LOPEZ OBRADOR,"Yo los llamo a la calma, a la cordura. Podemos tener diferencias, pero pues como decía Juárez, somos mexicanos, o sea, los reaccionarios son también mexicanos, y podrían decir los reaccionarios, nosotros los liberales, también son mexicanos y somos seres humanos, y respetarnos y no agredirnos, porque sí es una especie de fanatismo muy especial, pues es que eso está en la historia, es Hitler, es Franco, es Pinochet, no estoy inventando nada de lo que son capaces.",0.32823650481604266,78,07,10,2020
PRESIDENTE ANDRES MANUEL LOPEZ OBRADOR,"Además, si hay cauces democráticos en el país, elecciones, si se respetan las libertades, la libertad de expresión, de manifestación de las ideas… Lo he dicho, nunca habían insultado tanto a un presidente desde Madero, como ahora. Nunca. Y lo puedo probar.",0.32823650481604266,42,07,10,2020
PRESIDENTE ANDRES MANUEL LOPEZ OBRADOR,"Yo tengo la ventaja, con relación al presidente Madero, Apóstol de la Democracia, un hombre bueno, yo tengo la ventaja que puedo replicar, tengo este medio para replicar y para informar, para hablarle a la gente.",0.32823650481604266,36,07,10,2020
PRESIDENTE ANDRES MANUEL LOPEZ OBRADOR,"El presidente Madero recibió todos los ataques. Además, decide también quitarles la subvención a los periódicos, todo lo que entregaba Porfirio Díaz, todo el maíz, les quita la subvención y además queda la prensa porfirista, entonces lo atacaban, pero como a nadie, a él, a su esposa, a su hermano Gustavo, las caricaturas, o sea, toda la prensa, los intelectuales, la inmensa mayoría en contra. Es cosa de conocer.",0.32823650481604266,69,07,10,2020
PRESIDENTE ANDRES MANUEL LOPEZ OBRADOR,"Entonces, ese tipo de cuestiones que se están ahora resolviendo en la cámara pues es producto de este coraje de ya no tener ellos la posibilidad de decidir, pero sólo en los últimos tiempos estuvieron 36 años en el gobierno, 36 años manejando a su antojo el Congreso, haciendo las reformas que les convenían para saquear al país, para favorecer a las minorías y empobrecer al pueblo.",0.32823650481604266,67,07,10,2020
PRESIDENTE ANDRES MANUEL LOPEZ OBRADOR,"Entonces, se entiende que ahora estén molestos, pero hay que tranquilizarse, serenarse todos. Los señores del Frenaaa pueden permanecer ahí, nada más que vengan a descansar al Zócalo porque no llegan los dirigentes, ya le ofrecí ponerles una enramada y colgarles unas hamacas grandes a Junco, el de Reforma, y a otro señor; ni siquiera así llegan, no llegan los dirigentes.",0.32823650481604266,61,07,10,2020
PRESIDENTE ANDRES MANUEL LOPEZ OBRADOR,"Ayer que hubo viento volaban las casillas de las casas de campaña, me estaban echando la culpa a mí de que desde aquí tenía yo unos ventiladores gigantes.",0.32823650481604266,28,07,10,2020
PRESIDENTE ANDRES MANUEL LOPEZ OBRADOR," Es asignar los recursos. Por ejemplo, hicimos toda la reconstrucción de comunidades, de municipios afectados por el Huracán Wila, en Nayarit, intervino la Secretaría de Desarrollo Urbano, intervino la Secretaría de Comunicaciones, un programa integral y se atendió.",0.32823650481604266,38,07,10,2020
PRESIDENTE ANDRES MANUEL LOPEZ OBRADOR,"Estamos ahora atendiendo a los afectados por los sismos, acabo de hacer una reunión de evaluación con este propósito y hay un programa para eso. Entonces, no van a faltar los recursos.",0.32823650481604266,32,07,10,2020
PRESIDENTE ANDRES MANUEL LOPEZ OBRADOR,"Es como el caso de los desaparecidos, como el caso de las víctimas de violencia, no hay límite de presupuesto, precisamente como no hay corrupción tenemos presupuesto.",0.32823650481604266,27,07,10,2020
PRESIDENTE ANDRES MANUEL LOPEZ OBRADOR,¿Para qué queremos que desaparezcan estos fideicomisos y estos fondos?,0.32823650481604266,10,07,10,2020
PRESIDENTE ANDRES MANUEL LOPEZ OBRADOR,"Pues para manejar con honestidad el dinero del presupuesto y que rinda, y que no nos falte para lo fundamental. No es de que sólo hay 50 millones para atender a los niños desprotegidos o a las madres que necesitan refugio o a familiares de desaparecidos que hay que indemnizar, o sea, no, no hay límite, porque son cuestiones humanas y en eso somos distintos a los conservadores también.",0.32823650481604266,69,07,10,2020
PRESIDENTE ANDRES MANUEL LOPEZ OBRADOR,"¿Ustedes creen que los conservadores iban a autorizar que se destinaran mil 500 millones de pesos para excavar y sacar los cuerpos de los mineros de Pasta de Conchos? Bueno, si ocurrió el derrumbe en la mina, quedaron ahí enterrados y nunca el gobierno hizo nada. Somos diferentes, este es un gobierno humano, entonces que nadie se confunda.",0.32823650481604266,58,07,10,2020
PRESIDENTE ANDRES MANUEL LOPEZ OBRADOR,"Claro, no vamos a permitir que gente sin escrúpulos, vivillos, corruptos, se roben el dinero que es de todos los mexicanos, aunque se trate de grandes personalidades. Ya eso se terminó, ya hay igualdad, es lo que buscamos, igualdad en el pensamiento y en la acción, en los hechos.",0.32823650481604266,49,07,10,2020
PRESIDENTE ANDRES MANUEL LOPEZ OBRADOR," Pues todos, el que desee participar… No los corremos, porque yo les quiero decir que he contado con el apoyo de muy buenos servidores públicos, por eso salimos adelante. Esto no es asunto de un solo hombre, esto es un equipo de trabajo, yo me apoyo mucho en Alejandro, en Karla, en los jefes, oficiales de la Secretaría de Marina, en todos los servidores públicos.",0.32823650481604266,65,07,10,2020
PRESIDENTE ANDRES MANUEL LOPEZ OBRADOR,"Me han apoyado muchísimo las Fuerzas Armadas, que son del pueblo, vienen del pueblo, el soldado es pueblo uniformado, que es la nueva visión y ahora por eso están allá en Quintana Roo en donde se requiere, marinos y soldados, y una de las características de las Fuerzas Armadas de México es que los altos mandos, sean almirantes en activo o retirados, vicealmirantes, generales en activo o retirados, no pertenecen a la oligarquía mexicana, eso habla muy bien.",0.32823650481604266,78,07,10,2020
PRESIDENTE ANDRES MANUEL LOPEZ OBRADOR,"En otros países, las cúpulas militares forman parte de los potentados. A veces en la historia los conservadores y los autoritarios dan golpes de Estado para eso, para mantener privilegios y no sólo como empleados de oligarcas, sino en beneficio de ellos mismos, porque ellos pertenecen a las clases dominantes. Eso no sucede en nuestro país.",0.32823650481604266,56,07,10,2020
PRESIDENTE ANDRES MANUEL LOPEZ OBRADOR,"Este es un ejército surgido de una revolución, una revolución popular. El Ejército mexicano, no hay que olvidarlo, surge luego de que asesinan al presidente Madero, don Venustiano Carranza convoca a la creación del ejército actual y es un ejército que viene del pueblo, es un ejército revolucionario.",0.32823650481604266,48,07,10,2020
PRESIDENTE ANDRES MANUEL LOPEZ OBRADOR,"Yo les he platicado en otras ocasiones que cuando me tocó hacer la selección de quién iba a estar en la Secretaría de Marina, quién iba a estar en la Secretaría de la Defensa, hice todo un análisis y me llamaba mucho la atención de que tanto almirantes como generales: hijos de maestros, de campesinos, de comerciantes, hijos de marinos o de militares, pueblo, hijos de mecánicos, estoy hablando de almirantes y de generales de división, ese es nuestro Ejército y esa es nuestra Armada.",0.32823650481604266,85,07,10,2020
PRESIDENTE ANDRES MANUEL LOPEZ OBRADOR,"Entonces, tenemos esa gran ventaja y vamos a continuar apoyándonos en ellos, muy buenos servidores públicos.",0.32823650481604266,16,07,10,2020
PRESIDENTE ANDRES MANUEL LOPEZ OBRADOR,"Y los que se van tienen pues derecho de participar, sólo pues ya pusimos un límite, que es a finales de octubre, ya ustedes se van a dar cuenta quiénes…",0.32823650481604266,30,07,10,2020
PRESIDENTE ANDRES MANUEL LOPEZ OBRADOR," No hay, no hay casos graves; y si hubiese, estén donde estén pues tiene que responder, porque también otra diferencia así pequeñita, poca cosa, es que ya no hay impunidad.",0.32823650481604266,30,07,10,2020
PRESIDENTE ANDRES MANUEL LOPEZ OBRADOR,"Ahorita que estamos tratando el asunto de los desaparecidos, otra diferencia que me genera mucha satisfacción es que el Estado ya no es principal violador de los derechos humanos como era antes. No hay torturas, no hay desapariciones, no hay masacres. Entonces, sí, somos distintos, tan somos distintos que por eso tenemos estas protestas.",0.32823650481604266,54,07,10,2020
PRESIDENTE ANDRES MANUEL LOPEZ OBRADOR,"Y que también sepan quienes protestan que van a ser respetados, que tienen toda la libertad para manifestarse, expresarse, hasta en exceso, hasta en exceso, o sea, sin límite, o la frontera es lo pacífico, que no se pase de ahí.",0.32823650481604266,41,07,10,2020
PRESIDENTE ANDRES MANUEL LOPEZ OBRADOR,"Pero que si me van a decir señor López o presidente naco o peores cosas… ¿Qué me dijo Aguilar Camín? Bueno, eso no lo puedo decir aquí porque fue fuertísimo, pero eso no me importa, eso no interesa, la verdad, o sea, no me afecta y no creo que tampoco afecte al gobierno que represento.",0.32823650481604266,55,07,10,2020
PRESIDENTE ANDRES MANUEL LOPEZ OBRADOR,"Lo que debemos de evitar es la violencia, lo demás es libre. Yo nací en un estado en donde somos deslenguados, malhablados, ahora es me tengo que autolimitar, pero eso no debe de alarmarnos, lo otro sí, esto que dicen: ‘A ver, donde vean un funcionario, quémenlo’, eso sí está muy mal, bueno, eso va a en contra de derechos humanos y de todas las creencias religiosas, eso va en contra del respeto que debemos de tenernos. Eso no.",0.32823650481604266,79,07,10,2020
PRESIDENTE ANDRES MANUEL LOPEZ OBRADOR,"Pero todo lo demás, no hay problema de nada, o sea, no va a ser el 68, no va a haber persecución, no voy a hablar con los directores de los periódicos: ‘Este columnista está diciendo que nunca habíamos estado tan mal como ahora y todos los días o un día sí y el otro también me está atacando, por favor, ahí te lo encargo’. No, nunca lo he hecho en mi vida; o que yo le diga a un articulista: Oye, ayúdanos, a ver, vente conmigo a una gira y vas a ver que la gente está contenta y vamos a ir a inaugurar una presa en Sonora o vamos a ir a inaugurar un centro de salud o vamos a una evaluación en el aeropuerto ‘Felipe Ángeles’ y haz tu crónica de que estamos muy bien. No, eso no.",0.32823650481604266,141,07,10,2020
PRESIDENTE ANDRES MANUEL LOPEZ OBRADOR,"Le tenemos mucha confianza a la gente. Se burlan cuando hablo del pueblo bueno, pero es así, nuestro pueblo es muy bueno y además es sabio, sabe más, mucho más que muchos de los expertos porque tiene sentido común, que es el menos común de los sentidos, y tiene juicio práctico la mayoría de nuestro pueblo, y logramos entre todos este cambio de mentalidad, esta transformación y es muy importante.",0.32823650481604266,70,07,10,2020
PRESIDENTE ANDRES MANUEL LOPEZ OBRADOR,"También aquí aprovecho para decir, porque acabo de leer que están convocando a una manifestación para apoyarnos, yo diría: No se manifiesten en apoyo de nuestro gobierno, porque estamos enfrentando la pandemia y tenemos que seguir guardando la sana distancia y seguir cuidándonos.",0.32823650481604266,43,07,10,2020
PRESIDENTE ANDRES MANUEL LOPEZ OBRADOR,"Y no hace falta, no es necesario, ya cuando pase la pandemia entonces vamos a regresar al Zócalo y ahí sí ya cada mes en el Zócalo, si nos dejan, como dice la canción, los de Frenaa; pero hasta podemos llegar a un acuerdo con ellos, decir: Ya llevan ustedes bastante tiempo ahí, nada más vamos a querer una tardecita, cambien sus casas de campaña a la Plaza de Santo Domingo y luego regresan, pero nos van a dar una tarde, una tarde nada más, una tarde cada mes, porque también hay que compartir, tiene que haber equidad, el Zócalo es de todos, ya voy a empezar a hacer conciencia de eso.",0.32823650481604266,112,07,10,2020
PRESIDENTE ANDRES MANUEL LOPEZ OBRADOR,"Bueno, vamos, allá, allá, allá, es mujer.",0.32823650481604266,7,07,10,2020
PRESIDENTE ANDRES MANUEL LOPEZ OBRADOR," Sí, hoy tengo una reunión para eso.",0.32823650481604266,7,07,10,2020
PRESIDENTE ANDRES MANUEL LOPEZ OBRADOR," Son como ocho responsables que van a hacer el trabajo de evaluación, un diagnóstico para ver quién es quién en los fideicomisos y cómo se va a atender a los que están recibiendo los beneficios para que no se tarde en continuar apoyándolos y buscar la manera de hacerlo más ágil y transparente. Y también ahí van a haber hallazgos, estoy seguro, de gente que no trabaja. Se me olvida siempre el nombre de estos…",0.32823650481604266,75,07,10,2020
PRESIDENTE ANDRES MANUEL LOPEZ OBRADOR,"Aviadores’, sí, ‘aviadores’ y revisar todos los casos.",0.32823650481604266,8,07,10,2020
PRESIDENTE ANDRES MANUEL LOPEZ OBRADOR," Es la misma directora de Conacyt, por ejemplo, lo dije ayer, creo.",0.32823650481604266,12,07,10,2020
PRESIDENTE ANDRES MANUEL LOPEZ OBRADOR," Sí, para educación, cultura.",0.32823650481604266,4,07,10,2020
PRESIDENTE ANDRES MANUEL LOPEZ OBRADOR,"Rodolfo González, director de RTC, nos va a ayudar en todo lo que tiene que ver con gobierno, relaciones exteriores y seguridad; Javier May, secretario de Bienestar, todo lo que tiene que ver con lo social, y así; Carlos Torres va a ayudar en todo lo que tiene que ver con lo económico, en el caso de educación, cultura y deporte, ya lo dije, es Antonio Álvarez Lima.",0.32823650481604266,68,07,10,2020
PRESIDENTE ANDRES MANUEL LOPEZ OBRADOR,"Escogimos personas incluso que no están en las áreas para que actúen con rectitud y de manera imparcial, que se actúe con justicia y les vamos a informar a ustedes.",0.32823650481604266,30,07,10,2020
PRESIDENTE ANDRES MANUEL LOPEZ OBRADOR," Yo creo que una vez que esté la autorización, si se terminan de aprobar las reformas, que tiene que ir al Senado, por eso nos vamos a preparar con tiempo para que una vez que esté ya aprobado, de inmediato se empiece a actuar.",0.32823650481604266,44,07,10,2020
PRESIDENTE ANDRES MANUEL LOPEZ OBRADOR," Es lo mismo, es lo mismo, sí, es lo mismo, y además va a ser hasta más de eso, se tiene que mantener a todos los trabajadores que se contrataron por el COVID.",0.32823650481604266,33,07,10,2020
PRESIDENTE ANDRES MANUEL LOPEZ OBRADOR," Porque no queremos se maneje de manera independiente a lo que maneja la Secretaría de Salud, no puede haber dos estructuras.",0.32823650481604266,21,07,10,2020
PRESIDENTE ANDRES MANUEL LOPEZ OBRADOR,"O sea, es que ¿qué fue lo que hicieron durante mucho tiempo?, el gobierno no estaba al servicio del pueblo, el gobierno era una abstracción, era un ente distante del pueblo, no tenía que ver con el pueblo.",0.32823650481604266,38,07,10,2020
PRESIDENTE ANDRES MANUEL LOPEZ OBRADOR,"Se decía, por ejemplo, en la época de Salinas que el secretario de Hacienda no debía ir a las giras porque se podía conmover viendo la pobreza y si se le pedía algo podía ceder, no, el secretario de Hacienda, según la concepción tecnocrática tenía que estar encerrado viendo pantallas con gráficas macroeconómicas, déficit, superávit, Producto Interno Bruto, etcétera, etcétera.",0.32823650481604266,60,07,10,2020
PRESIDENTE ANDRES MANUEL LOPEZ OBRADOR,"Entonces, para operar no servía el gobierno, es decir, para llevar a cabo acciones, le fueron quitando al gobierno hasta funciones de ejecución; entonces, para poder ejecutar se tenían que crear estos fideicomisos porque de esta manera ya no había apego a la normatividad, se manejaban de manera discrecional o con holgura.",0.32823650481604266,52,07,10,2020
PRESIDENTE ANDRES MANUEL LOPEZ OBRADOR," Sí, pero muy laxas. Por ejemplo, un fideicomiso, pongo un caso, se entrega recursos para el Fonden, por poner el ejemplo, se mantienen esos fondos y no se ejercen, y pasan para el siguiente año y ahí están los fondos.",0.32823650481604266,40,07,10,2020
PRESIDENTE ANDRES MANUEL LOPEZ OBRADOR,¿Cuándo se ejercen?,0.32823650481604266,3,07,10,2020
PRESIDENTE ANDRES MANUEL LOPEZ OBRADOR,"No hay ningún problema, cuando se pueda. Si son parte esos fondos de la Secretaría de Desarrollo Urbano se tienen que ejercer en el periodo presupuestal.",0.32823650481604266,26,07,10,2020
PRESIDENTE ANDRES MANUEL LOPEZ OBRADOR,"Entonces, es muy cómodo tener presupuesto para dar créditos. Ahora con la emergencia, que dimos los créditos, se tiene un fideicomiso. Si se entregan los créditos, bien; si no alcanzamos a entregar los créditos por la lentitud, los podemos entregar el año próximo y ahí están los recursos durmiendo el sueño de los justos.",0.32823650481604266,54,07,10,2020
PRESIDENTE ANDRES MANUEL LOPEZ OBRADOR,"Entonces, ¿eso qué hace?, bueno, pues que no se actúe o que se tenga recursos que se requieren para avanzar guardados por todos lados. Imagínese 110 fideicomisos más todos los creados por decreto, estamos hablando de más de 200 fideicomisos, ¿qué es?, pues es un aparato alternativo, es otro gobierno.",0.32823650481604266,50,07,10,2020
PRESIDENTE ANDRES MANUEL LOPEZ OBRADOR," No tengo el dato, pero deben de ser muchos, ahora vamos a saber, es un… A ver, vamos a revisar cómo está eso y va a ser interesante lo que vamos a encontrar y les vamos a informar, no vaya a ser que nos encontremos ahí a ayudantes de los intelectuales más famosos cobrando como investigadores o cosas por el estilo. O sea, todo eso se va a transparentar, pero no va a haber injusticias.",0.32823650481604266,75,07,10,2020
PRESIDENTE ANDRES MANUEL LOPEZ OBRADOR,"Primero, no va a faltar recurso, primero.",0.32823650481604266,7,07,10,2020
PRESIDENTE ANDRES MANUEL LOPEZ OBRADOR,"Segundo, no se va a hacer despidos.",0.32823650481604266,7,07,10,2020
PRESIDENTE ANDRES MANUEL LOPEZ OBRADOR,"Tercero, se va a actuar pronto.",0.32823650481604266,6,07,10,2020
PRESIDENTE ANDRES MANUEL LOPEZ OBRADOR,"Cuarto, vamos a ahorrar.",0.32823650481604266,4,07,10,2020
PRESIDENTE ANDRES MANUEL LOPEZ OBRADOR," Ah, sí.",0.32823650481604266,2,07,10,2020
PRESIDENTE ANDRES MANUEL LOPEZ OBRADOR," Pues está muy bien eso, porque ahora los que no quieren la consulta dicen: ‘¡Cómo vamos a gastar ocho mil millones!’",0.32823650481604266,21,07,10,2020
PRESIDENTE ANDRES MANUEL LOPEZ OBRADOR,"Para empezar, si queda en manos del INE decidir sobre el costo de la consulta, pues claro que va a costar ocho mil millones, porque ellos gastan muchísimo. El INE es el organismo de elecciones más caro del mundo. Así como los expresidentes de México eran los que recibían las pensiones más jugosas en el mundo, así también tenemos ese primer lugar en cuanto al costo de elecciones. Entonces, si se trata del INE y de sus costos, pues muchísimo.",0.32823650481604266,80,07,10,2020
PRESIDENTE ANDRES MANUEL LOPEZ OBRADOR,"Pero además ellos le agregan… Porque los del INE, aunque parezca una contradicción o un contrasentido, no quieren las consultas, es el mundo al revés, no quieren que haya consultas, bueno, entonces los que no quieren las consultas ahora está esgrimiendo que cómo se va a gastar ocho mil millones para hacer una consulta.",0.32823650481604266,54,07,10,2020
PRESIDENTE ANDRES MANUEL LOPEZ OBRADOR,"Pues tienen la solución y está bien lo que está planteando el senador Monreal, es una modificación constitucional para que la consulta se haga el mismo día de la elección. Va el ciudadano… Si se trata de la Ciudad de México, aquí van a haber votos para alcaldes creo y diputados federales, senadores, y locales, y recibe también su boleta ahí mismo para que vote si quiere que se inicien procesos en contra de los expresidentes o no, ahí mismo.",0.32823650481604266,80,07,10,2020
PRESIDENTE ANDRES MANUEL LOPEZ OBRADOR," Pero ¿cómo se va a contaminar?, o sea, ¿qué?, ¿la gente no sabe distinguir entre una cosa y la otra?, ¿la gente es menor de edad?, ¿son ciudadanos imaginarios?",0.32823650481604266,29,07,10,2020
PRESIDENTE ANDRES MANUEL LOPEZ OBRADOR,"Entonces, así ya no hay gasto, no existe gasto. Entonces, sí hay manera de resolverlo, lo que no quieren es que participe la gente, le tienen miedo al pueblo.",0.32823650481604266,29,07,10,2020
PRESIDENTE ANDRES MANUEL LOPEZ OBRADOR," Además. Está exageradísimo, no exagerado, exageradísimo.",0.32823650481604266,6,07,10,2020
PRESIDENTE ANDRES MANUEL LOPEZ OBRADOR,"O sea, primero, hay esa opción, lo que está planteando Ricardo, si hay voluntad. Yo nada más preguntaría qué caso tiene establecer en la Constitución el derecho del pueblo a el referéndum, al plebiscito, a la revocación del mandato y que quede siempre en letra muerta. ¿Nada más para fingir?, ¿para simular, como era antes?",0.32823650481604266,55,07,10,2020
PRESIDENTE ANDRES MANUEL LOPEZ OBRADOR,"Deberían de estar planteando los partidos, todos: ‘Vamos, es una función consustancial de un partido político procurar la participación ciudadana, fortalecer la democracia, vamos, le tenemos confianza al pueblo’, pero estos ni le tienen amor al pueblo ni le tienen confianza, consideran que el pueblo es menor de edad o que no existe.",0.32823650481604266,53,07,10,2020
PRESIDENTE ANDRES MANUEL LOPEZ OBRADOR,"Ya lo he dicho, es la llamada democracia sin adjetivo, es kratos sin demos, poder sin pueblo, se les olvida que la democracia es kratos y demos. Demos, pueblo; kratos, poder. Poder del pueblo, nada más piensan en el poder sin el pueblo, ¿cómo?",0.32823650481604266,44,07,10,2020
PRESIDENTE ANDRES MANUEL LOPEZ OBRADOR,"Entonces, ya basta de simulación y que se le pregunta a la gente, eso es lo que estamos planteando.",0.32823650481604266,19,07,10,2020
PRESIDENTE ANDRES MANUEL LOPEZ OBRADOR,"A ver, tú,",0.32823650481604266,3,07,10,2020
PRESIDENTE ANDRES MANUEL LOPEZ OBRADOR," Ayer tuvimos una reunión el secretario de Salud, el doctor Alcocer; el subsecretario Hugo López-Gatell; el secretario de Hacienda, Arturo Herrera; el secretario de Relaciones Exteriores, Marcelo Ebrard, para tratar ya en definitiva el asunto de la vacuna, por los tiempos y para que México sea de los primeros en tener la vacuna, en disponer de la vacuna.",0.32823650481604266,58,07,10,2020
PRESIDENTE ANDRES MANUEL LOPEZ OBRADOR,"Ya ayer tomamos una decisión y vamos a informarles el martes próximo aquí en la conferencia de la mañana, ya se hizo una selección, ya se están haciendo contratos y vamos a informar al pueblo el martes próximo.",0.32823650481604266,38,07,10,2020
PRESIDENTE ANDRES MANUEL LOPEZ OBRADOR,"Es muy buena tu pregunta porque me permite adelantar eso, ya tenemos la disponibilidad de los recursos. Volvemos a lo mismo, o sea, van a desaparecer los fideicomisos, pero tenemos afortunadamente finanzas públicas sanas, tenemos disponibilidad de recursos para dar los adelantos que nos están pidiendo para la vacuna.",0.32823650481604266,49,07,10,2020
PRESIDENTE ANDRES MANUEL LOPEZ OBRADOR,"Entonces, vamos a informar el martes.",0.32823650481604266,6,07,10,2020
PRESIDENTE ANDRES MANUEL LOPEZ OBRADOR," Estamos atendiendo a estos estados. En el caso de Guanajuato queda de manifiesto que cuando se trata de crimen organizado no es suficiente sólo detener a los jefes de las bandas, porque surgen otros o llegan otras bandas, se apoderan otras bandas; no hay vacíos, los llenan.",0.32823650481604266,47,07,10,2020
PRESIDENTE ANDRES MANUEL LOPEZ OBRADOR,"Todo esto sucede porque se descompuso mucho la situación en Guanajuato en los últimos tiempos, mucha descomposición abajo, se dejó crecer el problema, se omitió o se toleró y ahora es un asunto ya grave. Lo estamos atendiendo, hay muchísimos elementos de la Guardia Nacional trabajando allá; pero sí, en los últimos días ha habido muchos asesinatos hace tres días y todavía antier, asesinatos entre grupos de las bandas.",0.32823650481604266,69,07,10,2020
PRESIDENTE ANDRES MANUEL LOPEZ OBRADOR,"Ayer, a diferencia de dos días anteriores, una cosa extraña, después tener en promedio 20 en un día, ayer hubo cuatro, no estuvo Guanajuato entre los primeros, ojalá esto continúe así, pero bueno, es Guanajuato. San Luis es reciente, es otro asunto, no estaba así, no es el caso de Guanajuato, yo espero que mejore.",0.32823650481604266,55,07,10,2020
PRESIDENTE ANDRES MANUEL LOPEZ OBRADOR,"Estamos atendiendo todo esto diariamente, se está fortaleciendo la presencia de la Guardia Nacional en estos estados y constantemente estamos revisando lo que sucede, sí tenemos información y sí estamos actuando.",0.32823650481604266,31,07,10,2020
PRESIDENTE ANDRES MANUEL LOPEZ OBRADOR, A ver si… ¿no pones lo de ayer? para que vean cómo medimos diario.,0.32823650481604266,14,07,10,2020
PRESIDENTE ANDRES MANUEL LOPEZ OBRADOR,"Miren, no les hablo al tanteo. Ayer fue un día, vamos a decir, tranquilo, 65 homicidios y en 11 estados no hubo homicidios; pero fíjense, es muy raro lo de Chiapas, ahí nunca aparece Chiapas así, hubo hechos que se registraron en Chiapas.",0.32823650481604266,43,07,10,2020
PRESIDENTE ANDRES MANUEL LOPEZ OBRADOR,"Si les muestro… A ver, vamos a ver la anterior, si la tienen, o la de antier. Por eso les digo que lo de ayer fue… Aquí, desde que amanece está uno… Miren eso, miren, este es uno de los días más difíciles que hemos tenido y de cuatro a 32 o de 32 a cuatro, entonces estamos trabajando y aún 12 estados ese día sin homicidios, y ayer en 11 y hubo menos. Lo que hablabas de Guanajuato y San Luis ahí está.",0.32823650481604266,84,07,10,2020
PRESIDENTE ANDRES MANUEL LOPEZ OBRADOR,Muy bien.,0.32823650481604266,2,07,10,2020
PRESIDENTE ANDRES MANUEL LOPEZ OBRADOR," Sí, me lo plantearon, me lo plantearon lo de los permisos, quedamos en que se iba a hacer una revisión. En el caso de Sonora me hablaron de los permisos, debe ser lo mismo que tú estás planteando ahora.",0.32823650481604266,39,07,10,2020
PRESIDENTE ANDRES MANUEL LOPEZ OBRADOR,"El caso del diésel estamos haciendo una revisión por lo mismo, por el mal manejo que había de subsidios, en el caso del diésel para embarcaciones se quedaban las grandes, grandes, grandes embarcaciones con todo el subsidio, grandes, grandes, grandes empresas, que por respeto no las señalo, pero ya eso no se puede. Entonces, ¿qué hicimos?, estamos entregando de manera directa a los pescadores el apoyo.",0.32823650481604266,66,07,10,2020
PRESIDENTE ANDRES MANUEL LOPEZ OBRADOR," Pues es el Fondo, ¿qué más puedo decir? Es que antes los del Fondo eran los que dictaban la política económica, se firmaban hasta cartas de intención con el Fondo y ellos decían qué tenía que hacer México en materia económica.",0.32823650481604266,41,07,10,2020
PRESIDENTE ANDRES MANUEL LOPEZ OBRADOR,¿Y saben qué recomendaban?,0.32823650481604266,4,07,10,2020
PRESIDENTE ANDRES MANUEL LOPEZ OBRADOR,"Privatizar, aumentar el precio de las gasolinas, de la energía eléctrica.",0.32823650481604266,11,07,10,2020
PRESIDENTE ANDRES MANUEL LOPEZ OBRADOR,"¿Saben qué recomendaban los del Fondo?, porque a lo mejor ya se les olvidó.",0.32823650481604266,14,07,10,2020
PRESIDENTE ANDRES MANUEL LOPEZ OBRADOR,"Que se privatizara la educación, que se privatizara el manejo de las pensiones, eran los jefes de jefes. Ya pasó eso.",0.32823650481604266,21,07,10,2020
PRESIDENTE ANDRES MANUEL LOPEZ OBRADOR,"Nosotros los respetamos mucho y nunca vamos a estar en contra o enfrentando, no les vamos a dar ninguna recomendación a ellos porque va a estar muy difícil que nos hagan caso, entonces lo único que les pedimos es que nos respeten, que somos libres y somos soberanos, y que ya no son los organismos financieros internacionales los que dictan la política económica en México, como era antes.",0.32823650481604266,68,07,10,2020
PRESIDENTE ANDRES MANUEL LOPEZ OBRADOR,"Ahora, si quieren hacernos recomendacione pues yo también les voy a mandar mi pliego petitorio para que procuren darle crédito a los gobiernos que lo solicitan a tasa cero, que ya dejen de estar rescatando a las grandes corporaciones y rescaten a los pueblos, en fin, que dejen de estar solapando a gobiernos corruptos; pero bueno, es mejor respetarnos, nada más que sepan que ya son otros tiempos.",0.32823650481604266,68,07,10,2020
PRESIDENTE ANDRES MANUEL LOPEZ OBRADOR," Pues ya lo dejamos, ya es bastante, tú vas mañana primero.",0.32823650481604266,11,07,10,2020
PRESIDENTE ANDRES MANUEL LOPEZ OBRADOR," Ah, pues de una vez, si es para Encinas de una vez, de una vez ya.",0.32823650481604266,16,07,10,2020
PRESIDENTE ANDRES MANUEL LOPEZ OBRADOR," Sí, más adelante. Pero estamos trabajando y aquí vamos a estar informándoles sobre este asunto que, en efecto, preocupa mucho a los familiares.",0.32823650481604266,23,07,10,2020
PRESIDENTE ANDRES MANUEL LOPEZ OBRADOR,"No vamos a dejar de insistir y de avanzar, se ha logrado bastante, mucho, hay muchos desaparecidos, pero también ya se han encontrado personas, como aquí se ha informado, muchos vivos, otros sus cuerpos; pero también los familiares agradecen eso, aunque es doloroso, pero después de mucho tiempo de búsqueda se encuentran los cuerpos de familiares.",0.32823650481604266,56,07,10,2020
PRESIDENTE ANDRES MANUEL LOPEZ OBRADOR,"Hay casos así, muy impactantes para nosotros. No sé si aquí comenté una vez de cuando tuvimos la primera reunión con los padres, madres de víctimas, un señor se desvaneció. Andaba buscando a su hija, pues ya se encontró a su hija, desde luego no con vida, pero él, yo creo que en lo que cabe, porque es mucho el dolor, descansó un poco con esto.",0.32823650481604266,66,07,10,2020
PRESIDENTE ANDRES MANUEL LOPEZ OBRADOR,"Entonces, yo quiero agradecerle a Alejandro, a todo el equipo, se ha hecho mucho trabajo. Cuando se habla de desaparecidos, de denuncias de desaparecidos en el primer año, es que la gente cuando se dio el cambio vio la oportunidad, porque no les creían a las autoridades, entonces nos tienen confianza.",0.32823650481604266,51,07,10,2020
PRESIDENTE ANDRES MANUEL LOPEZ OBRADOR,"Entonces, muchos a eso atribuyo, entre otras cosas, el que creció el número de denuncias. Y no se han hecho a un lado, estamos en eso y vamos a continuar en eso. Y este tema en particular es el número uno en las prioridades, el número uno.",0.32823650481604266,47,07,10,2020
PRESIDENTE ANDRES MANUEL LOPEZ OBRADOR,"Si en damnificados no hay límites de recursos, en esto menos; es decir, es lo que se requiera, lo que se necesite, esa es la instrucción que ellos tienen. Entonces, vamos a continuar aquí informando y, respetando la autonomía de la fiscalía, vamos a pedirle que nos ayuden, y que se informe.",0.32823650481604266,52,07,10,2020
PRESIDENTE ANDRES MANUEL LOPEZ OBRADOR," Sí, pero seguimos en la búsqueda constante, permanente.",0.32823650481604266,8,07,10,2020
PRESIDENTE ANDRES MANUEL LOPEZ OBRADOR, Ya es la hora de la manea y del chanchamito.,0.32823650481604266,10,07,10,2020
PRESIDENTE ANDRES MANUEL LOPEZ OBRADOR," A ver, de una vez, de una vez, de una vez.",0.32823650481604266,11,07,10,2020
PRESIDENTE ANDRES MANUEL LOPEZ OBRADOR," Sí, estamos poniendo orden en todo lo que tiene que ver con el manejo del agua.",0.32823650481604266,16,07,10,2020
PRESIDENTE ANDRES MANUEL LOPEZ OBRADOR,"La política neoliberal o neoporfirista iba orientada a apoyar a las minorías en todo. En el caso del campo la preferencia era para los grandes productores, eran los que recibían el subsidio, eran los que recibían los créditos de la banca de desarrollo, en este caso de la Financiera Rural, eran los que recibían el agua, eran los que tenían todo; y a los pequeños se les ignoraba, había además una discriminación a todos los productores indígenas no estaban ni siquiera en el Procampo.",0.32823650481604266,84,07,10,2020
PRESIDENTE ANDRES MANUEL LOPEZ OBRADOR,"Eso que les entregaban periódicamente -muy poco, por cierto- ni siquiera les llegaba a las comunidades indígenas. El Procampo iba también a los grandes, eran los que recibían el subsidio en todo, esto del diésel que estamos hablando para la pesca.",0.32823650481604266,41,07,10,2020
PRESIDENTE ANDRES MANUEL LOPEZ OBRADOR,"Y en el caso del norte lo mismo, o sea, no sólo había la diferencia entre lo que se destinaba al norte, con relación a lo que se destinaba al sur, el sur no existía. Ahora lo que estamos haciendo es dándole su lugar al sur, casi recordando la canción de Serrat, el sur también existe, sin dejar de atender el norte, porque en el norte también los contrastes.",0.32823650481604266,69,07,10,2020
PRESIDENTE ANDRES MANUEL LOPEZ OBRADOR,"Allá en Sonora las comunidades indígenas en el abandono, los guarijíos, los mayos, los yaquis, los seris. Entonces, ahora le estamos dando atención a ellos.",0.32823650481604266,25,07,10,2020
PRESIDENTE ANDRES MANUEL LOPEZ OBRADOR,"En el caso del agua es lo mismo, buscar que se comparta. Una de las demandas que tienen los yaquis es el agua, en el caso de Baja California lo mismo.",0.32823650481604266,31,07,10,2020
PRESIDENTE ANDRES MANUEL LOPEZ OBRADOR,"Estamos buscando poner orden, que haya justicia, que se atienda a todos, es un proceso y vamos avanzando, yo quisiera ir más rápido, pero son muchos los obstáculos, que no nos van a detener, no nos van a detener porque somos muy perseverantes y vamos a llevar a cabo la transformación.",0.32823650481604266,51,07,10,2020
PRESIDENTE ANDRES MANUEL LOPEZ OBRADOR,"En este caso de este asesinato se está haciendo ya la investigación, nosotros te vamos a entregar los resultados de lo que se lleva de avance para que tú conozcas y si lo consideramos aquí lo mencionamos, pero hay cuestiones que no queremos dar a conocer porque nos escuchan de todos… digo, de todas partes y también toda la gente, aquí están pendientes de esta conferencia todos.",0.32823650481604266,67,07,10,2020
PRESIDENTE ANDRES MANUEL LOPEZ OBRADOR,"Ayer hice un comentario de unos sacerdotes, que yo pensaba que nadie se había enterado, aquí donde no nos escuchan o donde no nos ven, dije algo y de inmediato respondieron. Yo voy a entrar en ninguna polémica, nada más que lo que dije tengo pruebas de lo que sostuve aquí.",0.32823650481604266,51,07,10,2020
PRESIDENTE ANDRES MANUEL LOPEZ OBRADOR,"Pero lo que me llamó la atención es que fue así, un comentario de pasada; pero no, todo mundo está pendiente afortunadamente. Les comentaba yo que el presidente Madero, que era un santo, Apóstol de la Democracia, se le fueron encima con todo de manera despiadada la prensa conservadora, los fifís, y no tenía cómo defenderse, no tenía cómo defenderse.",0.32823650481604266,60,07,10,2020
PRESIDENTE ANDRES MANUEL LOPEZ OBRADOR,"Aquí nosotros afortunadamente, y son otros tiempos, ya podemos informar de todo, replicar y al mismo tiempo respetar, y no odiar a nadie. El que odia no puede vivir tranquilo, no puede dormir tranquilo. Sólo siendo buenos podemos ser felices.",0.32823650481604266,40,07,10,2020
PRESIDENTE ANDRES MANUEL LOPEZ OBRADOR,Nos vemos mañana. Adiós.,0.32823650481604266,4,07,10,2020
