Participante,Texto,Sentimiento,Palabras,Dia,Mes,Anio
PRESIDENTE ANDRES MANUEL LOPEZ OBRADOR, Muy buenos días. ¿Cómo están? Ánimo.,0.32823650481604266,6,24,4,2020
PRESIDENTE ANDRES MANUEL LOPEZ OBRADOR,"Vamos a presentar el informe sobre seguridad pública. Acordamos informar cada mes para dar a conocer los avances y la situación que se tiene en esta materia que tanto interesa, importa a la gente, porque ningún proyecto es viable sin la seguridad de los mexicanos, por eso no hemos dejado de atender este importante asunto. Todos los días, como es de dominio público estamos reunidos el Gabinete de Seguridad, recibiendo el parte, el reporte, de lo sucedido en las últimas 24 horas y estamos tomando diariamente decisiones.",0.32823650481604266,87,24,4,2020
PRESIDENTE ANDRES MANUEL LOPEZ OBRADOR,"También no hemos dejado de avanzar en la construcción, la formación de elementos, el despliegue, la construcción de cuarteles para consolidar la Guardia Nacional y sobre todo esto queremos informar ahora.",0.32823650481604266,31,24,4,2020
PRESIDENTE ANDRES MANUEL LOPEZ OBRADOR,"Va a iniciar el secretario de Seguridad y Protección Ciudadana, Alfonso Durazo; luego, el secretario de la Defensa, general Luis Cresencio Sandoval González; posteriormente, va también a informar el secretario de Marina, José Rafael Ojeda Durán; después de Alfonso Durazo va a informar el comandante de la Guardia Nacional, Luis Rodríguez Bucio; y nos acompaña la secretaria de Gobernación, Olga Sánchez Cordero.",0.32823650481604266,62,24,4,2020
PRESIDENTE ANDRES MANUEL LOPEZ OBRADOR,"Entonces comenzamos con Alfonso Durazo Montaño, secretario de Seguridad y Protección Ciudadana.",0.32823650481604266,12,24,4,2020
PRESIDENTE ANDRES MANUEL LOPEZ OBRADOR," Vamos a abrir. A ver, vámonos uno y uno, porque ayer fue antier derecha, hoy izquierda.",0.32823650481604266,16,24,4,2020
PRESIDENTE ANDRES MANUEL LOPEZ OBRADOR," Mira, en la distribución de los medicamentos, de los equipos nos ayuda la Guardia Nacional, nos ayuda el Ejército y nos ayuda Marina.",0.32823650481604266,23,24,4,2020
PRESIDENTE ANDRES MANUEL LOPEZ OBRADOR,"Yo voy a pedir que el martes, que es el informe sobre salud, se dé a conocer cómo se están distribuyendo los medicamentos y que se aclare, y que haya más información al respecto, si te parece.",0.32823650481604266,37,24,4,2020
PRESIDENTE ANDRES MANUEL LOPEZ OBRADOR,Vamos de este lado.,0.32823650481604266,4,24,4,2020
PRESIDENTE ANDRES MANUEL LOPEZ OBRADOR," No, hay coordinación, lo que sucede es que hay estados en donde de tiempo atrás ha habido más incidencia delictiva.",0.32823650481604266,20,24,4,2020
PRESIDENTE ANDRES MANUEL LOPEZ OBRADOR,"Ayer, antier, hablábamos del caso de Guanajuato, de cómo no es suficiente con lograr el crecimiento económico en un estado, en una región, en un país, porque Guanajuato es de los estados con más crecimiento económico sostenido, DURÁNte mucho tiempo se fueron a establecer plantas, maquiladoras, hay industria automotriz, de autopartes, crecimiento, incluso empleo.",0.32823650481604266,54,24,4,2020
PRESIDENTE ANDRES MANUEL LOPEZ OBRADOR,"Sin embargo, es el estado con más violencia, esto tiene que ver con otras causas, desigualdad, crecimiento no es sinónimo de bienestar, así de claro, que esos son los paradigmas que se están destruyendo con la crisis global del neoliberalismo. Se pensaba que crecimiento era igual a bienestar y no necesariamente.",0.32823650481604266,51,24,4,2020
PRESIDENTE ANDRES MANUEL LOPEZ OBRADOR,"Lo otro es el nivel o el grado de corrupción, de complicidades, de componendas que se da entre autoridades y delincuencia. Es otro elemento a considerar.",0.32823650481604266,26,24,4,2020
PRESIDENTE ANDRES MANUEL LOPEZ OBRADOR,"Entonces, sí existe una coordinación entre los gobiernos estatales y el gobierno federal, pero hay gobiernos estatales que se aplican más, donde hay crecimiento y hay bienestar y no hay corrupción o hay estados donde no hay crecimiento, no hay bienestar, pero no están tan mal en violencia, porque no hay corrupción.",0.32823650481604266,52,24,4,2020
PRESIDENTE ANDRES MANUEL LOPEZ OBRADOR," El caso de Yucatán, por ejemplo, tenía hasta hace poco, tasas de crecimiento bajas, ahora está creciendo más Yucatán, nada que ver con el crecimiento de Quintana Roo, o sea, Quintana Roo ha llegado a tener tasas de crecimiento del 10 por ciento anual y también periodos muy prolongados, en promedio cinco, seis por ciento de crecimiento.",0.32823650481604266,57,24,4,2020
PRESIDENTE ANDRES MANUEL LOPEZ OBRADOR,"En el caso de Yucatán no, promedio uno por ciento, ahora más, dos, dos y medio, tres, en los últimos años, en el caso de Yucatán; sin embargo, Yucatán en de los estados más seguros, con menos violencia, o sea, no tiene, hasta hace poco que empezó a crecer, avance en lo económico, pero ha conservado sus niveles de bienestar y sobre todo que no ha habido un desbordamiento de corrupción. Puedo decir que el gobierno de Yucatán actual se caracteriza por la honestidad, puedo decir eso.",0.32823650481604266,87,24,4,2020
PRESIDENTE ANDRES MANUEL LOPEZ OBRADOR,"No voy yo a ser juez sobre esto, pero sí ayuda mucho el que haya bienestar y el que no se permita la corrupción para disminuir el índice delictivo.",0.32823650481604266,29,24,4,2020
PRESIDENTE ANDRES MANUEL LOPEZ OBRADOR," Nosotros acertamos por nuestras convicciones en hacer a un lado desde el inicio el modelo neoliberal y esa es una ventaja. Por ejemplo, desde el inicio dijimos: la violencia no se combate con violencia, hay constancia de lo que estoy diciendo, dijimos que no se puede apagar el fuego con el fuego, no se puede enfrentar el mal con el mal, hay que hacer el bien, dijimos: la paz y la tranquilidad son frutos de la justicia; dijimos: por el bien de todos, por el bien de todos, lo subrayo, primero los pobres.",0.32823650481604266,93,24,4,2020
PRESIDENTE ANDRES MANUEL LOPEZ OBRADOR,"Eso que sostenemos como principios, como criterios, eso es lo que se llevó a la práctica desde el inicio del gobierno.",0.32823650481604266,21,24,4,2020
PRESIDENTE ANDRES MANUEL LOPEZ OBRADOR,"Entonces, estamos atendiendo a los más pobres desde el inicio, nunca se habían destinado tantos fondos del presupuesto para la atención a los pobres.",0.32823650481604266,24,24,4,2020
PRESIDENTE ANDRES MANUEL LOPEZ OBRADOR,"¿Cuándo se les había entregado tanto apoyo a los adultos mayores?, ¿cuándo se les había entregado tanto apoyo a personas con discapacidad? Ojalá y me contesten.",0.32823650481604266,26,24,4,2020
PRESIDENTE ANDRES MANUEL LOPEZ OBRADOR,"¿Cuándo se habían otorgado tantas becas a estudiantes pobres?, ¿cuándo se habían sembrado tantas hectáreas y se les había dado tanto trabajo a campesinos?",0.32823650481604266,24,24,4,2020
PRESIDENTE ANDRES MANUEL LOPEZ OBRADOR,"¿Cuándo se había volteado a ver a los jóvenes?, ¿qué se había hecho con los jóvenes?",0.32823650481604266,16,24,4,2020
PRESIDENTE ANDRES MANUEL LOPEZ OBRADOR,"Estigmatizarlos, discriminarlos. Un político del antiguo régimen fue el que acuñó la frase de ninis, o la repitió, que incluso había estado hasta de rector de la UNAM: ‘Este nini, que ni estudia ni trabaja’, pero nunca se había hecho por los jóvenes.",0.32823650481604266,43,24,4,2020
PRESIDENTE ANDRES MANUEL LOPEZ OBRADOR,"Entonces, nosotros antes del COVID, desde el primer día comenzamos a dar atención con un plan de que les llegaran apoyos a los hogares más pobres. Ahora puedo decir que ya estamos beneficiando a cerca de 21 millones de hogares y el propósito es muy pronto, este mismo año llegar a 25 millones de hogares, ese es el plan.",0.32823650481604266,59,24,4,2020
PRESIDENTE ANDRES MANUEL LOPEZ OBRADOR,"Entonces, esto por tu pregunta, es un escudo, esto es preventivo para que el joven no tenga necesidad, no sea tentado y sea enganchado para dedicarse actividades delictivas, que la gente tenga opción, tenga trabajo.",0.32823650481604266,35,24,4,2020
PRESIDENTE ANDRES MANUEL LOPEZ OBRADOR,"Por eso aún con la crisis económica, todo esto que está pasando a nivel mundial, nosotros nos sentimos fortalecidos para enfrentar la crisis sanitaria, la crisis económica, porque consideramos que estamos haciendo lo correcto. De todas maneras, vamos a estar pendientes, vamos a seguir como desde el principio.",0.32823650481604266,48,24,4,2020
PRESIDENTE ANDRES MANUEL LOPEZ OBRADOR,"A ver, ¿qué presidente recuerdan ustedes -y ofrezco disculpas porque estoy presumiendo- qué presidente tenía un acuerdo en materia de seguridad de lunes a viernes de 6:00 a 7:00 de la mañana?",0.32823650481604266,32,24,4,2020
PRESIDENTE ANDRES MANUEL LOPEZ OBRADOR,"Entonces, si se trabaja, si no hay corrupción, si hay austeridad, si no se permite la impunidad y se busca la justicia, vamos a tener sin duda una sociedad mejor.",0.32823650481604266,30,24,4,2020
PRESIDENTE ANDRES MANUEL LOPEZ OBRADOR," Ya tengo tu documento en mi escritorio, nada más que tenga la oportunidad lo voy a revisar. Muchas gracias por la aportación.",0.32823650481604266,22,24,4,2020
PRESIDENTE ANDRES MANUEL LOPEZ OBRADOR," Como tu pregunta, dirigida a mi persona, es interesante, contesto diciendo que el problema es la corrupción.",0.32823650481604266,17,24,4,2020
PRESIDENTE ANDRES MANUEL LOPEZ OBRADOR,"¿Se acuerdan aquella anécdota de cuando había elecciones y el presidente Clinton expresó aquello de que ‘la economía, tonto’, algo parecido en la traducción? Yo sostengo: la corrupción, Andrés Manuel, y el problema de las aduanas es corrupción, como en muchos otros casos.",0.32823650481604266,43,24,4,2020
PRESIDENTE ANDRES MANUEL LOPEZ OBRADOR,"Estoy satisfecho con el equipo que me apoya en materia de seguridad por su honestidad, nada que ver con lo que sucedía. Ya es de dominio público, sería hasta de mal gusto repetirlo, pero es fundamental para llevar a cabo un cambio, una transformación, la honestidad, poner por delante la honestidad.",0.32823650481604266,51,24,4,2020
PRESIDENTE ANDRES MANUEL LOPEZ OBRADOR,"Entonces, lo de aduanas es una asignatura pendiente, no hemos podido limpiar.",0.32823650481604266,12,24,4,2020
PRESIDENTE ANDRES MANUEL LOPEZ OBRADOR," Sí, es como el problema de los homicidios. Si se dan cuenta, en robo de vehículo, en robo en general, inclusive en secuestro ha habido una disminución, pero seguimos padeciendo de los enfrentamientos de bandas que se disputan plazas, rutas de tráfico de droga, que constantemente se están enfrentando.",0.32823650481604266,49,24,4,2020
PRESIDENTE ANDRES MANUEL LOPEZ OBRADOR,"Y esto viene de tiempo atrás, esa fue una herencia que desgraciadamente recibimos y que hemos podido controlar, pero no se ha podido disminuir el número de homicidios dolosos y nos preocupa, porque no queremos que nadie pierda la vida, no queremos que ningún ser humano pierda la vida.",0.32823650481604266,49,24,4,2020
PRESIDENTE ANDRES MANUEL LOPEZ OBRADOR,"Y nada de que son presuntos delincuentes los que pierden la vida. No, son seres humanos y por eso los convocamos constantemente a que depongan su actitud.",0.32823650481604266,27,24,4,2020
PRESIDENTE ANDRES MANUEL LOPEZ OBRADOR,"Y algunos pueden pensar que es ingenuidad de mi parte. No, yo creo en el ser humano y creo que no se nace malo, son las circunstancias las que llevan a muchos a tomar el camino de las conductas antisociales.",0.32823650481604266,40,24,4,2020
PRESIDENTE ANDRES MANUEL LOPEZ OBRADOR,"Por eso, lo de la atención a los jóvenes para que no se vean obligados a tomar ese camino, porque el que cae en eso ya es difícil que salga. Y queremos tener siempre abierta la puerta, no decir: No nos importa.",0.32823650481604266,42,24,4,2020
PRESIDENTE ANDRES MANUEL LOPEZ OBRADOR,"Esto lo vamos a resolver con la Guardia Nacional, con medidas coercitivas como se apostaba antes, no, esto lo vamos a resolver con justicia, con humanismo, lo que también se me cuestionó, cuando dije abrazos no balazos.",0.32823650481604266,37,24,4,2020
PRESIDENTE ANDRES MANUEL LOPEZ OBRADOR,"Vamos a ir avanzando en esto, tenemos que ir avanzando y dando el ejemplo, que no haya corrupción, que no haya impunidad, que no haya contubernio entre delincuencia y autoridades.",0.32823650481604266,30,24,4,2020
PRESIDENTE ANDRES MANUEL LOPEZ OBRADOR,"Entonces, sí, en el caso de las Aduanas, viene una limpia, porque se han hecho intentos. El hasta ahora director de Aduanas, una gente íntegra, honesta, pero es un monstruo lo de aduanas, de 100 cabezas, que la aduana de Manzanillo, que la aduana de Lázaro Cárdenas, que la aduana de Tijuana, si les contara, algún día lo voy a hacer, ahora no, más adelante, todo lo que sucede, porque se fueron haciendo costumbre estos actos de inmoralidad, se fue haciendo costumbre el influyentismo, pero lleva muchísimo tiempo y no cambió.",0.32823650481604266,91,24,4,2020
PRESIDENTE ANDRES MANUEL LOPEZ OBRADOR,"Lo del 2000 fue un engaño, hablaron de cambio, pero fue más de lo mismo o peor, en algunos casos, siguió lo mismo.",0.32823650481604266,23,24,4,2020
PRESIDENTE ANDRES MANUEL LOPEZ OBRADOR,"Hay una anécdota de un amigo de un buen presidente, don Adolfo Ruiz Cortines. Un amigo que jugaba con él dominó y era su amigo desde la escuela. Lo encampanaron por esa mentalidad, le dijeron: ‘Oye, si es tu amigo el presidente, ¿por qué no le pides?, aprovecha ahora que te ayude, no seas tonto’.",0.32823650481604266,55,24,4,2020
PRESIDENTE ANDRES MANUEL LOPEZ OBRADOR,"Y ya el día que se volvieron a ver para jugar dominó, mientras están moviendo las piezas dice: ‘Oye, Adolfo, somos amigos, estudiamos juntos, yo te estimo mucho ya lo sabes. ¿Por qué no me ayudas?, dame oportunidad de trabajar en el gobierno’; y le dice don Adolfo: ‘Y qué te gustaría hacer?, ¿qué quieres?’ ‘Yo quiero estar en una aduana, en una aduana’",0.32823650481604266,64,24,4,2020
PRESIDENTE ANDRES MANUEL LOPEZ OBRADOR,"Entonces, don Adolfo, que era un hombre honesto, de los pocos honestos presidentes, le contestó: ‘Sí, ve a ver al secretario de Hacienda, porque eso depende del secretario de Hacienda, nada más que si te nombra en una aduana ya no vamos a seguir jugando dominó, no vas a poder seguir jugando dominó con el presidente; entonces tú decides, la aduana o a jugar dominó cada semana con el presidente’.  Entonces: ‘No, no, no, jugar dominó con el presidente’, porque era un hombre bueno que lo habían encampanado.",0.32823650481604266,88,24,4,2020
PRESIDENTE ANDRES MANUEL LOPEZ OBRADOR,"Pero desde cuándo está eso, las presiones de autoridades de estados fronterizos o de estados donde están las aduanas, no en todos los casos, para poner a un conocido cercano de director de la aduana.",0.32823650481604266,35,24,4,2020
PRESIDENTE ANDRES MANUEL LOPEZ OBRADOR,"Todo eso se tiene que terminar y ha costado trabajo, es lo que sucedía. Ha mejorado mucho en migración y va a seguir limpiándose migración.",0.32823650481604266,25,24,4,2020
PRESIDENTE ANDRES MANUEL LOPEZ OBRADOR,"Y es lo que vamos a seguir haciendo en el SAT. Nada de: ‘Yo tengo influencia y no voy a pagar los impuestos o debo impuestos, pero no voy a pagar o tengo un buen despacho de fiscalista que me va a defender y al final, por mis influencias, por mis agarraderas, no voy a cumplir como contribuyente’.",0.32823650481604266,58,24,4,2020
PRESIDENTE ANDRES MANUEL LOPEZ OBRADOR,"Todo eso se va a terminar. Desde luego lleva tiempo, pero ya empezó la limpia desde que llegamos al gobierno de arriba para abajo, como se barren las escaleras, y vamos hacia delante.",0.32823650481604266,33,24,4,2020
PRESIDENTE ANDRES MANUEL LOPEZ OBRADOR,Pero tú tenías una pregunta.,0.32823650481604266,5,24,4,2020
PRESIDENTE ANDRES MANUEL LOPEZ OBRADOR," Es que él me pidió que quiere estar en el Senado. Ricardo Ahued es un hombre íntegro, una gente buena, un hombre honesto, fue legislador en Veracruz en los tiempos de la gran corrupción y siendo legislador votó en contra de la aprobación de la cuenta pública de un gobernador.",0.32823650481604266,50,24,4,2020
PRESIDENTE ANDRES MANUEL LOPEZ OBRADOR,"Y es una gente respetable pero quiere ayudar en el Senado, él es senador de la República, ganó de mayoría, es muy querido, muy estimado porque, repito, es una buena persona.",0.32823650481604266,31,24,4,2020
PRESIDENTE ANDRES MANUEL LOPEZ OBRADOR,"Entonces, vamos a proponer un cambio en aduanas. Como me lo pregunta lo respondo, hoy voy a tener una reunión con el senador Ahued, vamos a reunirnos; también nos va a hacer una visita y va a coincidir el senador Ricardo Monreal, entonces vamos a platicar, es otro tema, pero sí voy a hablar hoy con Ricardo Ahued.",0.32823650481604266,58,24,4,2020
PRESIDENTE ANDRES MANUEL LOPEZ OBRADOR," Se van a ir dando a conocer poco a poco, porque quiero hablar, quiero tener acuerdo con los secretarios y escucharlos, porque ellos me van a hacer las propuestas y a partir de eso, a partir de la observación que hagan, yo voy a decidir sobre estas 10 subsecretarías, con la idea de que puedan también ocuparse de otras tareas.",0.32823650481604266,60,24,4,2020
PRESIDENTE ANDRES MANUEL LOPEZ OBRADOR,"Tenemos que ir ajustando el gobierno a la nueva realidad, primero, a que ya son otros los objetivos del gobierno. Ahora lo más importante es atender a la gente, el pueblo manda, todo el gobierno tiene que estar dedicado a conseguir la felicidad del pueblo.",0.32823650481604266,45,24,4,2020
PRESIDENTE ANDRES MANUEL LOPEZ OBRADOR,"Antes el gobierno estaba como ensimismado, todo era para el gobierno y para facilitar el saqueo, el robo. Hablando de anécdotas, ¿se acuerdan de lo que decía Porfirio Díaz?, ¿cómo se imponía? Era entierro, encierro o destierro, o plata o plomo; pero no sólo era mano dura, era también lo que se le atribuye, el maiceo.",0.32823650481604266,56,24,4,2020
PRESIDENTE ANDRES MANUEL LOPEZ OBRADOR,¿En qué consistía el maiceo?,0.32823650481604266,5,24,4,2020
PRESIDENTE ANDRES MANUEL LOPEZ OBRADOR,"Sí había críticos opositores, decía Porfirio: ‘Ese gallo quiere maíz’, y se maiceaba al gallo y ya el gallo dejaba de cantar. Eso se mantuvo por mucho tiempo y adquirió manifestaciones de distintas índoles.",0.32823650481604266,34,24,4,2020
PRESIDENTE ANDRES MANUEL LOPEZ OBRADOR,"Por ejemplo, en el periodo neoliberal, ¿por qué se les pagaba tanto a los funcionarios?, porque era una especie de maiceo.",0.32823650481604266,21,24,4,2020
PRESIDENTE ANDRES MANUEL LOPEZ OBRADOR,"Imagínense, un ministro de la Corte, que llegaba a ganar hasta 600 mil pesos mensuales; un consejero del instituto electoral, 300 mil; ni modo que se aplicaran haciendo justicia, se tenían que hacer de la vista gorda.",0.32823650481604266,37,24,4,2020
PRESIDENTE ANDRES MANUEL LOPEZ OBRADOR,"Entonces, ya no podemos nosotros, no debemos seguir con el maiceo. No puede haber sueldos elevadísimos y la estructura de gobierno tiene que ser eficiente y no monumental, no faraónica para que no cueste, para reducir lo más que se pueda el costo del gobierno al pueblo, y que así el presupuesto se destine más a la gente.",0.32823650481604266,58,24,4,2020
PRESIDENTE ANDRES MANUEL LOPEZ OBRADOR,"Entonces, eso también, desde el principio dijimos: austeridad, no sólo como asunto administrativo, sino como asunto de principios.",0.32823650481604266,18,24,4,2020
PRESIDENTE ANDRES MANUEL LOPEZ OBRADOR,"Recuerdo lo del general y escritor Riva Palacio, de la época de la Reforma, que se retira a escribir después del triunfo de la República contra el imperio y contra la reacción conservadora. Lo manda hablar el presidente Juárez y le dice: ‘Usted, que ha prestado tantos servicios a la nación, se le debe a usted dinero, porque usted pagó de su bolsa soldados para defender a la patria.’",0.32823650481604266,69,24,4,2020
PRESIDENTE ANDRES MANUEL LOPEZ OBRADOR,"Y la respuesta de Riva Palacio fue: ‘A la patria no se le cobra, a la patria se le sirve’. Era la mística que existía en épocas de transformación, esa es la mística que debe de prevalecer ahora y dar el gobierno el ejemplo.",0.32823650481604266,44,24,4,2020
PRESIDENTE ANDRES MANUEL LOPEZ OBRADOR,"Entonces, son funcionarios, servidores públicos eficientes, pero ya no podemos seguir destinando más recursos, aun cuando hemos hecho ajustes al aparato burocrático, porque necesitamos más apoyo para la gente pobre.",0.32823650481604266,30,24,4,2020
PRESIDENTE ANDRES MANUEL LOPEZ OBRADOR,"Estamos decididos a escalar en lo social, cuando menos un peldaño más para llegar a la clase media, para tener a toda la clase media baja y a un buen porcentaje de la clase media-media, llegar al 70 por ciento de los hogares, ya nos van a quedar el 30 por ciento que no van a tener un apoyo directo, pero sí indirecto, como ya lo expliqué, pero la base hasta el 70 por ciento va a tener protección. Esto es Estado de bienestar, seguridad.",0.32823650481604266,85,24,4,2020
PRESIDENTE ANDRES MANUEL LOPEZ OBRADOR,"Ayer se dio a conocer -y medio mucho gusto- que la inflación bajó dos por ciento de inflación, un poco más, pero una reducción importantísima. Esto es bueno porque cuando hay inflación, se afecta mucho a la gente y sobre todo a los más pobres, la inflación afecta mucho a la población mayoritaria. Entonces, ahí vamos.",0.32823650481604266,56,24,4,2020
PRESIDENTE ANDRES MANUEL LOPEZ OBRADOR,"Se había caído el precio del petróleo, ya está levantando. Viene ahora a finales de mes la disminución de cerca de 12 millones de barriles diarios que se acordaron, a ver qué efectos tiene, yo espero que esto mejore el precio.",0.32823650481604266,41,24,4,2020
PRESIDENTE ANDRES MANUEL LOPEZ OBRADOR,"Pero también decirles que nosotros ya tenemos un plan, que consiste en refinar la mayor cantidad de crudo en el país, en vez de estar a expensas del mercado internacional vendiendo petróleo y comprando gasolinas. Vamos a producir cada vez más gasolinas en el país hasta lograr la autosuficiencia y no vender ni un solo barril de petróleo crudo. Así allá vamos, ese es el propósito.",0.32823650481604266,66,24,4,2020
PRESIDENTE ANDRES MANUEL LOPEZ OBRADOR," Pues, yo estoy de acuerdo que las enfermeras, los médicos, están ayudando mucho, por eso tenemos que respetarlos, no agredirlos; al contrario, ayer hablamos de esto, felicitarlos. Son nuestros héroes, nuestras heroínas en estos tiempos difíciles.",0.32823650481604266,36,24,4,2020
PRESIDENTE ANDRES MANUEL LOPEZ OBRADOR,"Y en el caso de las Fuerzas Armadas lo mismo, los marinos, los soldados. En el informe que presentó el general secretario, no sé si lo ponen, independientemente de la labor de la Guardia Nacional, se tomó una decisión de reforzar el Plan Marina, el Plan DN-III con más elementos.",0.32823650481604266,50,24,4,2020
PRESIDENTE ANDRES MANUEL LOPEZ OBRADOR,"Quiero decirles que ya en los hospitales de Marina, aunque todavía afortunadamente tenemos camas disponibles, ya se está atendiendo a civiles en hospitales de Marina, en hospitales del Ejército, empieza el Plan DN-III poco a poco, porque todavía las instalaciones del sector salud son suficientes.",0.32823650481604266,45,24,4,2020
PRESIDENTE ANDRES MANUEL LOPEZ OBRADOR,"Pero miren esto. Atención a emergencia sanitaria, 18 mil 632 elementos.",0.32823650481604266,11,24,4,2020
PRESIDENTE ANDRES MANUEL LOPEZ OBRADOR,"Entonces, sí estoy de acuerdo, pero hay que consultar. Yo creo que el mejor monumento es que se reconozca la función de estos servidores públicos y de muchos ciudadanos, aunque no trabajan en el gobierno.",0.32823650481604266,35,24,4,2020
PRESIDENTE ANDRES MANUEL LOPEZ OBRADOR,"Ahora los médicos de los hospitales privados que están ayudando, las enfermeras de los hospitales privados… Anoche, en la reunión que tuvimos, ya se informó porque entró en vigor ayer el programa de apoyo de los hospitales privados para enfrentar la pandemia del coronavirus y que ya, bueno, había nacido una niña ya en uno de los hospitales privados de una familia con Seguro Social, ya se había atendido en un hospital privado, pero yo creo que para estas alturas, a estas horas, esto fue ayer, ya han nacido otros. Ya está en plan.",0.32823650481604266,94,24,4,2020
PRESIDENTE ANDRES MANUEL LOPEZ OBRADOR,"Entonces, todo esto es solidaridad verdadera, que también esa palabra tan extraordinaria la desgastaron, sí se acuerdan, ¿no?; como ‘cambio’, la palabra ‘cambio’, la desgastaron, porque son muy buenos.",0.32823650481604266,29,24,4,2020
PRESIDENTE ANDRES MANUEL LOPEZ OBRADOR,"Hay otra palabra, un término, un concepto de la ciencia social, ‘cambio estructural’ y luego echaron a andar las llamadas reformas estructurales y uno que se formó en la ciencia social sabe que lo estructural, un cambio estructural, una reforma estructural es algo de fondo para beneficio del pueblo, es una transformación. Una reforma estructural es una transformación. ¿Qué fue la reforma o las reformas estructurales?, ¿qué fueron?",0.32823650481604266,68,24,4,2020
PRESIDENTE ANDRES MANUEL LOPEZ OBRADOR,"Privatización, o sea, convertir lo público en privado.",0.32823650481604266,8,24,4,2020
PRESIDENTE ANDRES MANUEL LOPEZ OBRADOR,¿Cómo se define en el diccionario?,0.32823650481604266,6,24,4,2020
PRESIDENTE ANDRES MANUEL LOPEZ OBRADOR,"Busquen qué es privatizar y eso fue lo que hicieron, pero le llamaron reformas estructurales, o sea, se plagiaron, se robaron los conceptos de la ciencia social.",0.32823650481604266,27,24,4,2020
PRESIDENTE ANDRES MANUEL LOPEZ OBRADOR,"Hubo un presidente que hablaba además de solidaridad, de liberalismo social, y fue el presidente que más promovió la desigualdad social. Bueno eso ahí se los dejo de tarea, investíguenlo.",0.32823650481604266,30,24,4,2020
PRESIDENTE ANDRES MANUEL LOPEZ OBRADOR," Aprovecho para enviar nuestro pésame profundo, nuestro profundo pésame a los familiares de los fallecidos, de todos, civiles y militares.",0.32823650481604266,20,24,4,2020
PRESIDENTE ANDRES MANUEL LOPEZ OBRADOR,"Estamos luchando para que se eviten muertes. Por eso el recordatorio a que sigamos las medidas de prevención, que se guarde la distancia, que se evite el contagio, que todos ayudemos. Es muy lamentable que se pierdan vidas humanas.",0.32823650481604266,39,24,4,2020
PRESIDENTE ANDRES MANUEL LOPEZ OBRADOR,"Entonces, nuestro abrazo a los familiares de los enfermos, a los familiares de fallecidos, porque no son números. En cada familia cuando hay un enfermo, cuando se pierde a un ser querido, hay tristeza.",0.32823650481604266,34,24,4,2020
PRESIDENTE ANDRES MANUEL LOPEZ OBRADOR,"Y expresar eso, no dejar de expresar nuestras condolencias y continuar con todas las medidas de protección.",0.32823650481604266,17,24,4,2020
PRESIDENTE ANDRES MANUEL LOPEZ OBRADOR," Es lo mismo, pedir que se cumpla. Se ha ido avanzando bastante, ya hay menos movilidad, la gente está ayudando mucho haciendo caso y vamos a seguir presentando la lámina, no sé si la tenemos, la nueva.",0.32823650481604266,37,24,4,2020
PRESIDENTE ANDRES MANUEL LOPEZ OBRADOR," Es responsabilidad de todos. Y más que la prohibición, es convencer, persuadir.",0.32823650481604266,12,24,4,2020
PRESIDENTE ANDRES MANUEL LOPEZ OBRADOR,"Así estamos. A ver. En el caso de los estados con mayor cumplimiento, esto es muy satisfactorio: Quintana Roo, Ciudad de México, Baja California, estos tres tienen más daño por la epidemia, Quintana Roo, sobre todo Cancún, la Ciudad de México, que comprende también municipios del Estado de México, y Baja California, particular Tijuana. Y mi felicitación para la gente de estas urbes, de estas ciudades.",0.32823650481604266,66,24,4,2020
PRESIDENTE ANDRES MANUEL LOPEZ OBRADOR,"Yucatán también tiene afectación, fue de los primeros en el sureste con infectados, pero han actuado bien y aquí se demuestra en el caso de Yucatán y Campeche, que es de los estados menos afectados.",0.32823650481604266,35,24,4,2020
PRESIDENTE ANDRES MANUEL LOPEZ OBRADOR,"En el caso del sureste, Quintana Roo, Yucatán, Tabasco los más afectados.",0.32823650481604266,12,24,4,2020
PRESIDENTE ANDRES MANUEL LOPEZ OBRADOR,"Menos afectados: Campeche, Chiapas, Oaxaca inclusive Guerrero y hasta ayer de los menos afectados Veracruz, pero empezó a subir. Pero esto es lo mejor.",0.32823650481604266,24,24,4,2020
PRESIDENTE ANDRES MANUEL LOPEZ OBRADOR,"Con menor cumplimiento: Colima, DURÁNgo, Hidalgo, Querétaro y Tamaulipas, pero no quiere decir que no estén haciendo caso, es que no es igual que los otros estados, en todos lados se está haciendo caso a las medidas. Esto nos apoya mucho.",0.32823650481604266,41,24,4,2020
PRESIDENTE ANDRES MANUEL LOPEZ OBRADOR,"Estamos a punto de entrar a la etapa más difícil, ya faltan días para eso, pero se ha logrado el propósito de mantener en horizontal la gráfica de incremento, de casos y también, duele decirlo, de fallecimientos, en comparación con otros países.",0.32823650481604266,42,24,4,2020
PRESIDENTE ANDRES MANUEL LOPEZ OBRADOR,"No es conveniente compararnos, sólo en lo interno. Yo tengo información de todo el mundo constantemente y de las medidas que se toman y lo que se debate sobre cuándo regresar a la normalidad, cuándo no, en qué condiciones, todo eso, pero es para manejo interno. Ya cuando pase la epidemia, entonces hacemos la evaluación entre todos.",0.32823650481604266,57,24,4,2020
PRESIDENTE ANDRES MANUEL LOPEZ OBRADOR,"Los municipios, pues sigue igual, con menor cumplimiento Río Bravo, Tamaulipas, -es variación de personas quedándose en casa en día típico- dos por ciento más Palenque.",0.32823650481604266,26,24,4,2020
PRESIDENTE ANDRES MANUEL LOPEZ OBRADOR,"San Luis de la Paz, Guanajuato. ¿Saben dónde está San Luis de la Paz? Está en el camino de Querétaro a San Luis, en la autopista, a mano derecha se llega a este municipio que es de Guanajuato, San Luis de la Paz.",0.32823650481604266,43,24,4,2020
PRESIDENTE ANDRES MANUEL LOPEZ OBRADOR,"Pénjamo, Guanajuato, ¿sí saben?, que ya vamos llegando a Pénjamo, más nueve; y Las Margaritas, Chiapas, es allá por Comitán, por Ocosingo, entre Comitán y Ocosingo, Las Margaritas.",0.32823650481604266,28,24,4,2020
PRESIDENTE ANDRES MANUEL LOPEZ OBRADOR,"Y mayor cumplimiento, la delegación, ahora alcaldía, Benito Juárez, Ciudad de México; la alcaldía Miguel Hidalgo, Ciudad de México; la alcaldía Venustiano Carranza, Ciudad de México; sigue bien San Nicolás de los Garza, Nuevo León, no ha cambiado, es lo mismo; y Mexicali, Baja California. Esa es la que tenemos.",0.32823650481604266,50,24,4,2020
PRESIDENTE ANDRES MANUEL LOPEZ OBRADOR,Muy bien. A ver.,0.32823650481604266,4,24,4,2020
PRESIDENTE ANDRES MANUEL LOPEZ OBRADOR," Lamentablemente, todavía está en práctica vigente la vieja consigna, pero ya se va a acabar.",0.32823650481604266,15,24,4,2020
PRESIDENTE ANDRES MANUEL LOPEZ OBRADOR,"Es como lo del coronavirus, la consigna colonial de: ‘Se acata, pero no se cumple’, eso lo padezco de manera cotidiana. Se da una instrucción, se acata, pero no se cumple o tarda.",0.32823650481604266,33,24,4,2020
PRESIDENTE ANDRES MANUEL LOPEZ OBRADOR,"Afortunadamente soy perseverante y voy a seguir, y estoy seguro de que se va a ir al carajo -no es una grosería, es una canasta que se ponía en los barcos para poner a los marineros que se portaban mal, así se llamaba, el carajo- la consigna esta y se tiene que hacer justicia pronta, de manera expedita.  Entonces, vamos a seguir ayudando en todo lo que podamos.",0.32823650481604266,68,24,4,2020
PRESIDENTE ANDRES MANUEL LOPEZ OBRADOR,"Y le quiero pedir al almirante Ojeda que les informe cómo se cuidan las costas, los puertos. Me consta que hacen un trabajo de primera, pero sería bueno que lo explicara.",0.32823650481604266,31,24,4,2020
PRESIDENTE ANDRES MANUEL LOPEZ OBRADOR," Siempre. Es que un día les vamos a invitar, ya habíamos quedado, nada más que pase lo de la emergencia por cuestión de la sana distancia, poco a poco que vayan a las conferencias de las 6:00 de la mañana, a las reuniones de gabinete para que se den cuenta de cómo es. El primer tema del orden del día en esa asamblea es seguridad obviamente y viene una revisión de todo.",0.32823650481604266,72,24,4,2020
PRESIDENTE ANDRES MANUEL LOPEZ OBRADOR,"Cada semana hay un informe especial de la Secretaría de Marina, de la Secretaría de la Defensa, especial, y diario revisamos lo que sucede en todo el país, tomamos decisiones y nos enteramos de acontecimientos de todo tipo, de todo tipo, incendios, cómo está el estado del tiempo, dónde van a haber lluvias, hoy ya vimos que se empieza a formar el primer huracán lejos de México, pero ya vamos a entrar a la temporada de huracanes, las cárceles desde luego, las costas, los puertos, las detenciones en altamar, en costas, las pistas clandestinas, lo que sucede en la frontera, en todos lados. Es diario el análisis y la toma de decisiones, sólo así podemos tener éxito, ir avanzando.",0.32823650481604266,119,24,4,2020
PRESIDENTE ANDRES MANUEL LOPEZ OBRADOR," Se está cumpliendo con lo que se definió por la emergencia sanitaria, no sé en este caso en particular si está permitido, depende de la actividad que realicen, pero ahora mismo se te da la información.",0.32823650481604266,36,24,4,2020
PRESIDENTE ANDRES MANUEL LOPEZ OBRADOR,"Y nos vemos mañana porque una de las cosas que nos recomiendan también los médicos, ahora con la epidemia, es que podamos comer bien y a la hora. Y repito, comer bien no es comer en abundancia, es comer lo natural, lo que tiene menos hormonas, lo que tiene menos conservadores, el maíz, el frijol, el nopal, tantas cosas que hay; y cuidar mucho la alimentación, que ya dijimos vamos a empezar con una campaña de orientación nutricional porque lo del coronavirus afecta más cuando se tiene obesidad, hipertensión, diabetes.",0.32823650481604266,90,24,4,2020
PRESIDENTE ANDRES MANUEL LOPEZ OBRADOR,"Entonces, esas enfermedades tienen mucho que ver con la alimentación, con la mala alimentación, no es la escasa alimentación, a veces es la abundancia en alimentos dañinos, sobre todo lo que tiene que ver con niños. Tenemos que cuidar mucho eso.",0.32823650481604266,41,24,4,2020
PRESIDENTE ANDRES MANUEL LOPEZ OBRADOR,"Pasando lo de la campaña del coronavirus viene una campaña, sin dejar las que tenemos pendientes del no permitir y hacer conciencia del daño que causan las drogas, esa la tenemos que mantener, y esta de orientación, educación nutricional, que es fundamental, de cómo es hasta más barato comer sano, más barato.",0.32823650481604266,52,24,4,2020
PRESIDENTE ANDRES MANUEL LOPEZ OBRADOR,"Nada más se los dejo de tarea. Un kilo de papa, un kilo de papa que lo hacen en la casa, con poquito aceite, ¿cuánto es?, ¿cuánto cuesta con relación a las bolsitas de papas?",0.32823650481604266,35,24,4,2020
PRESIDENTE ANDRES MANUEL LOPEZ OBRADOR,"Por eso no es nada más un asunto de salud, es un asunto también de economía ¿sí?, de economía. De eso vamos a hablar, porque no es posible que se gaste en alimentos que no necesariamente nos ayudan y que son caros y nos afectan o nos pueden afectar; pero no es sólo la cuestión de salud, es también la cuestión económica.",0.32823650481604266,62,24,4,2020
PRESIDENTE ANDRES MANUEL LOPEZ OBRADOR,"Imagínense, un refresco embotellado ¿para un chilate, para un pozol? La fuerza, la energía, lo que significa como alimento energético un pozol de maíz y cacao, chorote, cuesta muchísimo menos que un refresco industrial y muchísimo menos que una caguama.",0.32823650481604266,40,24,4,2020
PRESIDENTE ANDRES MANUEL LOPEZ OBRADOR,"Bueno, nos ahí nos vemos.",0.32823650481604266,5,24,4,2020
